243
23.670000 68.910000 3.300000 894
23.900000 69.400000 5.500000 980
22.910000 69.450000 4.200000 1053
23.910000 69.450000 3.800000 1063
22.930000 69.550000 3.863160 1100
24.330000 69.580000 6.014800 1102
23.890000 69.590000 4.189170 1294
23.250000 69.670000 3.300000 1330
23.330000 69.670000 5.640100 1364
23.330000 69.670000 3.300000 1411
23.450000 69.670000 3.800000 1423
23.830000 69.670000 6.077250 1428
23.400000 69.710000 6.014800 1504
23.910000 69.700000 6.014800 1505
24.070000 69.700000 4.297840 1505
23.250000 69.750000 3.800000 1512
23.450000 69.750000 3.645820 1519
23.750000 69.750000 5.827450 1548
23.830000 69.750000 3.300000 1594
23.830000 69.750000 3.300000 1618
23.830000 69.750000 4.900000 1668
23.830000 69.750000 3.800000 1668
23.830000 69.750000 3.800000 1669
23.830000 69.750000 5.702550 1669
21.930000 69.820000 3.300000 1678
22.800000 69.800000 5.800000 1678
23.000000 69.800000 3.831320 1684
23.800000 69.800000 5.100000 1684
24.450000 69.800000 3.800000 1688
22.910000 69.830000 3.300000 1697
22.590000 69.850000 3.971830 1702
22.200000 69.920000 4.200000 1705
23.380000 69.920000 4.890700 1720
23.200000 69.900000 7.800000 1720
23.200000 69.900000 3.300000 1735
23.200000 69.900000 3.800000 1736
23.200000 69.900000 4.890700 1737
23.200000 69.900000 4.515180 1737
23.300000 69.900000 4.026926 1751
23.700000 69.900000 3.500000 1751
24.000000 69.900000 3.733517 1751
23.260000 69.970000 3.971830 1751
23.580000 69.980000 3.863160 1752
23.510000 70.050000 4.578450 1752
23.510000 70.060000 5.515200 1752
23.200000 70.070000 4.703350 1752
23.560000 70.070000 4.189170 1757
23.570000 70.070000 4.949860 1760
23.200000 70.080000 4.080500 1762
23.200000 70.090000 4.080500 1762
23.250000 70.090000 3.863160 1764
23.610000 70.090000 4.189170 1764
23.770000 70.090000 3.971830 1764
24.010000 70.090000 4.700000 1764
23.610000 70.120000 4.189170 1778
24.550000 70.120000 3.300000 1779
22.470000 70.100000 6.639300 1780
23.400000 70.100000 3.600000 1784
23.500000 70.100000 5.000000 1784
23.500000 70.100000 4.300000 1787
23.500000 70.100000 3.500000 1792
23.520000 70.100000 3.863160 1792
23.700000 70.100000 5.700000 1800
24.200000 70.100000 4.189170 1800
23.520000 70.130000 4.765800 1803
24.520000 70.130000 5.702550 1803
23.380000 70.160000 3.428480 1803
23.810000 70.170000 4.080500 1803
23.740000 70.180000 4.890700 1806
23.810000 70.190000 4.600000 1807
22.310000 70.210000 3.800000 1807
22.200000 70.000000 5.000000 1808
22.330000 70.220000 4.800000 1808
23.120000 70.220000 4.328650 1808
23.390000 70.220000 4.189170 1808
22.800000 70.200000 5.000000 1809
23.200000 70.200000 3.300000 1810
23.300000 70.200000 6.000000 1810
23.300000 70.200000 3.400000 1811
23.400000 70.200000 3.800000 1811
23.500000 70.200000 4.500000 1812
23.700000 70.200000 3.100000 1816
23.000000 70.000000 4.297840 1816
23.160000 70.000000 5.390300 1816
23.300000 70.000000 5.765000 1816
23.400000 70.000000 3.971830 1816
23.400000 70.000000 3.500000 1816
23.600000 70.000000 5.900000 1816
23.650000 70.000000 3.971830 1816
23.700000 70.000000 5.400000 1816
23.700000 70.000000 4.500000 1819
23.800000 70.000000 3.900000 1819
23.830000 70.000000 6.000000 1819
24.000000 70.000000 3.300000 1819
24.000000 70.000000 5.327850 1820
24.400000 70.000000 5.827450 1820
23.830000 70.250000 5.827450 1820
24.250000 70.250000 4.515180 1820
23.520000 70.260000 3.754490 1820
23.610000 70.260000 4.406510 1821
23.280000 70.270000 4.732520 1821
23.440000 70.280000 3.645820 1821
23.570000 70.280000 3.971830 1821
23.250000 70.290000 3.645820 1822
23.270000 70.290000 4.391100 1822
23.570000 70.290000 3.428480 1822
21.000000 70.300000 6.300000 1823
23.100000 70.300000 3.800000 1823
23.300000 70.300000 3.300000 1823
23.300000 70.300000 3.900000 1823
23.500000 70.300000 5.000000 1823
23.800000 70.300000 5.000000 1823
24.900000 70.300000 4.900000 1823
23.380000 70.330000 4.765800 1823
23.830000 70.330000 3.300000 1823
23.480000 70.350000 4.189170 1823
23.170000 70.360000 4.828250 1823
23.360000 70.370000 3.863160 1825
24.100000 70.390000 3.800000 1825
20.900000 70.400000 4.000000 1825
21.100000 70.400000 5.200000 1826
23.410000 70.420000 3.863160 1826
22.500000 70.400000 5.952350 1826
22.500000 70.400000 4.701314 1826
23.200000 70.400000 6.600000 1826
23.200000 70.400000 3.500000 1826
23.300000 70.400000 3.635714 1827
23.300000 70.400000 4.026926 1827
23.300000 70.400000 3.100000 1827
23.300000 70.400000 3.400000 1827
23.380000 70.400000 3.863160 1827
23.400000 70.400000 4.900000 1827
23.500000 70.400000 4.000000 1827
23.500000 70.400000 4.000000 1827
23.600000 70.400000 5.100000 1828
23.790000 70.400000 3.600000 1828
23.660000 70.430000 4.080500 1828
23.920000 70.440000 5.702550 1828
21.730000 70.450000 3.800000 1828
23.270000 70.450000 4.828250 1828
23.360000 70.450000 3.319810 1828
23.280000 70.460000 4.266200 1828
23.340000 70.460000 4.266200 1828
24.950000 70.460000 5.577650 1828
23.020000 70.480000 3.754490 1829
23.220000 70.510000 3.319810 1829
21.100000 70.500000 4.300000 1829
21.200000 70.500000 2.900000 1829
21.400000 70.500000 5.167200 1829
23.510000 70.520000 4.080500 1830
23.400000 70.500000 3.000000 1830
23.470000 70.500000 4.189170 1831
23.500000 70.500000 5.300000 1831
23.900000 70.500000 4.711547 1831
21.160000 70.540000 5.100000 1831
22.980000 70.540000 3.971830 1832
23.350000 70.580000 5.515200 1832
23.410000 70.580000 5.702550 1832
23.340000 70.610000 4.732520 1832
21.200000 70.600000 5.400000 1832
23.400000 70.600000 5.700000 1833
23.700000 70.600000 4.000000 1833
23.800000 70.600000 4.026926 1833
23.800000 70.600000 4.800000 1833
23.150000 70.640000 3.971830 1833
23.500000 70.670000 5.515200 1833
23.560000 70.690000 3.863160 1833
21.200000 70.700000 5.300000 1833
21.400000 70.700000 2.700000 1833
23.500000 70.720000 5.889900 1833
23.400000 70.700000 3.440108 1833
23.800000 70.700000 4.222532 1833
23.830000 70.760000 4.080500 1833
22.420000 70.860000 3.300000 1833
22.300000 70.880000 3.800000 1833
24.810000 70.880000 3.800000 1833
22.300000 70.930000 6.014800 1833
24.690000 71.030000 4.200000 1833
21.460000 71.120000 4.907153 1834
22.000000 71.000000 3.800000 1834
22.000000 71.000000 6.327050 1834
22.000000 71.000000 4.297840 1836
22.000000 71.000000 4.841190 1837
24.000000 71.200000 4.700000 1839
24.000000 71.200000 5.452750 1839
24.500000 71.000000 4.732520 1839
21.330000 71.370000 3.000000 1839
23.200000 71.380000 3.300000 1840
20.600000 71.400000 5.515200 1840
20.600000 71.400000 4.200000 1840
20.600000 71.400000 4.200000 1840
22.300000 71.600000 3.800000 1840
22.230000 71.780000 5.390300 1840
22.400000 71.800000 3.500000 1840
22.400000 71.800000 3.300000 1840
22.400000 71.800000 4.949860 1841
21.860000 72.040000 3.300000 1841
21.750000 72.150000 3.800000 1842
21.720000 72.160000 4.600000 1842
22.070000 72.190000 4.200000 1842
22.000000 72.000000 4.200000 1842
22.000000 72.000000 4.406510 1842
24.230000 72.220000 5.700000 1842
24.230000 72.220000 4.200000 1842
24.200000 72.200000 5.000000 1842
21.900000 72.270000 3.800000 1842
21.000000 72.400000 3.800000 1842
24.500000 72.400000 2.900000 1842
24.800000 72.400000 4.623850 1842
22.110000 72.430000 3.800000 1842
24.760000 72.540000 3.800000 1842
23.050000 72.670000 6.014800 1842
21.600000 72.700000 5.200000 1842
23.000000 72.700000 4.200000 1842
23.000000 72.700000 3.800000 1842
23.100000 72.700000 4.515180 1842
24.400000 72.700000 3.300000 1842
24.400000 72.700000 6.764200 1842
24.400000 72.700000 5.167200 1842
22.820000 72.820000 5.702550 1842
22.300000 72.800000 5.265400 1842
21.170000 72.900000 3.800000 1842
21.200000 72.900000 5.889900 1842
21.200000 72.900000 4.700000 1842
21.600000 72.960000 5.765000 1842
21.160000 73.050000 6.264600 1842
21.400000 73.060000 3.000000 1842
20.880000 73.100000 5.202950 1843
20.880000 73.100000 4.297840 1843
22.000000 73.100000 3.800000 1843
20.550000 73.150000 5.078050 1843
21.200000 73.000000 3.000000 1843
20.660000 73.210000 5.765000 1843
21.680000 73.210000 5.702550 1843
21.600000 73.000000 4.949860 1843
21.700000 73.000000 4.200000 1843
24.000000 73.000000 6.300000 1843
24.000000 73.000000 5.640100 1843
20.710000 73.370000 4.297840 1843
21.830000 73.850000 3.300000 1843
22.480000 74.200000 3.800000 1843
21.970000 74.270000 3.800000 1843
22.000000 74.300000 3.300000 1843
