23.67 68.91
,22.9 69.3
,23.41 69.37
,22.94 69.4
,23.9 69.4
,22.91 69.45
,23.91 69.45
,24.12 69.51
,21.6 69.5
,23.25 69.5
,24.1 69.5
,24.33 69.5
,22.93 69.55
,23.73 69.56
,23.9 69.57
,23.33 69.58
,24.33 69.58
,23.89 69.59
,23.6 69.6
,23.7 69.6
,24.2 69.6
,24.08 69.65
,23.24 69.66
,23.25 69.67
,23.33 69.67
,23.45 69.67
,23.83 69.67
,23.4 69.71
,23.4 69.7
,23.91 69.7
,24.07 69.7
,24.4 69.7
,24.36 69.74
,23.25 69.75
,23.3 69.75
,23.45 69.75
,23.75 69.75
,23.83 69.75
,23.15 69.76
,23.97 69.76
,21.93 69.82
,23.33 69.82
,22.8 69.8
,23 69.8
,23.8 69.8
,24.45 69.8
,22.91 69.83
,23.13 69.83
,23.91 69.83
,23.25 69.84
,23.8 69.84
,24.21 69.84
,22.59 69.85
,23.6 69.85
,23.26 69.86
,23.18 69.91
,22.2 69.92
,23.38 69.92
,23.2 69.9
,23.3 69.9
,23.7 69.9
,24 69.9
,24.33 69.93
,23.27 69.96
,23.21 69.97
,23.26 69.97
,23.46 69.97
,23.32 69.98
,23.48 69.98
,23.58 69.98
,23.39 70.01
,23.42 70.01
,23.51 70.01
,23.34 70.02
,23.39 70.02
,23.64 70.02
,23.53 70.03
,23.19 70.04
,23.44 70.04
,23.71 70.04
,23.46 70.05
,23.51 70.05
,23.76 70.05
,23.17 70.06
,23.36 70.06
,23.51 70.06
,23.2 70.07
,23.47 70.07
,23.56 70.07
,23.57 70.07
,23.62 70.07
,23.16 70.08
,23.2 70.08
,23.86 70.08
,23.2 70.09
,23.25 70.09
,23.41 70.09
,23.61 70.09
,23.77 70.09
,24.01 70.09
,23.39 70.11
,23.47 70.11
,23.52 70.11
,23.61 70.12
,24.55 70.12
,22.47 70.1
,22.5 70.1
,23.34 70.1
,23.4 70.1
,23.46 70.1
,23.5 70.1
,23.52 70.1
,23.7 70.1
,24.2 70.1
,24.3 70.1
,23.28 70.13
,23.5 70.13
,23.52 70.13
,24.52 70.13
,23.48 70.15
,23.38 70.16
,23.5 70.16
,23.48 70.17
,23.81 70.17
,22.78 70.18
,23.24 70.18
,23.27 70.18
,23.48 70.18
,23.74 70.18
,23.25 70.19
,23.81 70.19
,22.31 70.21
,23.38 70.21
,23.73 70.21
,22.2 70
,22.33 70.22
,23.12 70.22
,23.39 70.22
,23.48 70.22
,22.8 70.2
,23.2 70.2
,23.3 70.2
,23.4 70.2
,23.5 70.2
,23.56 70.2
,23.7 70.2
,24.5 70.2
,23 70
,23.16 70
,23.23 70.23
,23.24 70.23
,23.39 70.23
,23.42 70.23
,23.47 70.23
,23.3 70
,23.38 70
,23.4 70
,23.6 70
,23.65 70
,23.66 70
,23.7 70
,23.8 70
,23.83 70
,24 70
,24.9 70.24
,24.4 70
,23.83 70.25
,24.25 70.25
,23.06 70.26
,23.31 70.26
,23.52 70.26
,23.61 70.26
,23.28 70.27
,23.24 70.28
,23.33 70.28
,23.44 70.28
,23.57 70.28
,23.25 70.29
,23.27 70.29
,23.28 70.29
,23.33 70.29
,23.36 70.29
,23.57 70.29
,23.27 70.31
,23.35 70.31
,23.41 70.31
,23.44 70.31
,21 70.3
,25.02 70.32
,22.86 70.3
,23.1 70.3
,23.3 70.3
,23.34 70.3
,23.5 70.3
,23.8 70.3
,24.9 70.3
,23.25 70.33
,23.38 70.33
,23.39 70.33
,23.57 70.33
,23.83 70.33
,23.25 70.35
,23.48 70.35
,23.17 70.36
,23.36 70.37
,23.7 70.37
,23.25 70.39
,23.34 70.39
,23.36 70.39
,23.45 70.39
,24.1 70.39
,23.5 70.41
,23.54 70.41
,23.61 70.41
,20.9 70.4
,21.1 70.4
,23.35 70.42
,23.41 70.42
,23.51 70.42
,22.5 70.4
,23 70.4
,23.2 70.4
,23.3 70.4
,23.38 70.4
,23.4 70.4
,23.5 70.4
,23.6 70.4
,23.79 70.4
,23.37 70.43
,23.57 70.43
,23.65 70.43
,23.66 70.43
,23.69 70.43
,23.4 70.44
,23.92 70.44
,21.73 70.45
,23.27 70.45
,23.36 70.45
,24.97 70.45
,23.28 70.46
,23.34 70.46
,23.5 70.46
,24.95 70.46
,22.42 70.47
,23.71 70.47
,23.02 70.48
,21.12 70.51
,21.46 70.51
,23.22 70.51
,23.46 70.51
,21 70.5
,21.1 70.5
,21.2 70.5
,21.4 70.5
,21.5 70.5
,23.05 70.52
,23.51 70.52
,23.4 70.5
,23.47 70.5
,23.5 70.5
,23.9 70.5
,21.16 70.54
,22.98 70.54
,23.52 70.55
,23.35 70.58
,23.41 70.58
,23.47 70.58
,23.34 70.59
,23.34 70.61
,23.35 70.61
,21 70.6
,21.2 70.6
,23.4 70.6
,23.7 70.6
,23.8 70.6
,23.15 70.64
,23.21 70.64
,23.4 70.66
,23.43 70.66
,23.67 70.66
,23.41 70.67
,23.5 70.67
,23.75 70.67
,23.56 70.69
,21.2 70.7
,21.4 70.7
,23.5 70.72
,23.4 70.7
,23.8 70.7
,25 70.7
,21.08 70.73
,23.79 70.73
,23.78 70.74
,23.5 70.75
,23.77 70.75
,23.83 70.76
,22.3 70.8
,22.42 70.86
,21.02 70.88
,21.03 70.88
,22.3 70.88
,24.81 70.88
,22.3 70.9
,24.1 70.9
,22.3 70.93
,21.02 70.99
,24.67 70.99
,24.69 71.03
,21.94 71.06
,21.46 71.12
,23.22 71.17
,22 71
,22.1 71.2
,24 71.2
,23.5 71
,24.5 71
,21.6 71.25
,22.49 71.29
,20.64 71.36
,20.64 71.37
,21.33 71.37
,23.2 71.38
,20.6 71.4
,21.3 71.4
,23.2 71.4
,22.3 71.5
,23.91 71.57
,22.3 71.6
,21.8 71.7
,21.79 71.76
,22.23 71.78
,22.25 71.82
,22.4 71.8
,21.81 71.93
,21.7 71.97
,21.86 72.04
,21.7 72.1
,21.33 72.12
,22.87 72.14
,21.33 72.15
,21.75 72.15
,21.72 72.16
,22.07 72.19
,21.7 72
,22 72
,21.7 72.2
,24.23 72.22
,24.2 72.2
,21.77 72.23
,23.8 72
,21.9 72.27
,21.78 72.31
,21 72.4
,24.5 72.4
,24.8 72.4
,22.11 72.43
,21.8 72.45
,24.76 72.54
,23.05 72.67
,21 72.7
,21.1 72.7
,21.6 72.7
,21.12 72.72
,22.7 72.7
,23 72.7
,23.1 72.7
,24 72.7
,24.4 72.7
,24.9 72.7
,21.12 72.74
,21.3 72.8
,22.82 72.82
,22.3 72.8
,22 72.88
,21.97 72.91
,21.17 72.9
,21.2 72.9
,21.6 72.9
,21.84 72.9
,21.9 72.9
,21.96 72.95
,21.6 72.96
,20.42 72.97
,21.7 72.97
,21.63 73.03
,21.81 73.03
,21.47 73.04
,21.16 73.05
,21.4 73.06
,20.88 73.1
,22 73.1
,20.55 73.15
,20.4 73
,21.2 73
,20.66 73.21
,21.68 73.21
,21.38 73
,21.6 73
,21.7 73
,22.3 73.2
,24 73
,24.2 73
,20.71 73.37
,20.64 73.43
,24.45 73.57
,21.83 73.85
,21.66 74.1
,21.7 74.2
,22.48 74.2
,22.5 74.2
,21.97 74.27
,22 74.3
,22.5 74.4
