23.67
68.91
3.3
23.9
69.4
5.5
22.91
69.45
4.2
23.91
69.45
3.8
22.93
69.55
3.86316
24.33
69.58
6.0148
23.89
69.59
4.18917
23.25
69.67
3.3
23.33
69.67
5.6401
23.33
69.67
3.3
23.45
69.67
3.8
23.83
69.67
6.07725
23.4
69.71
6.0148
23.91
69.7
6.0148
24.07
69.7
4.29784
23.25
69.75
3.8
23.45
69.75
3.64582
23.75
69.75
5.82745
23.83
69.75
3.3
23.83
69.75
3.3
23.83
69.75
4.9
23.83
69.75
3.8
23.83
69.75
3.8
23.83
69.75
5.70255
21.93
69.82
3.3
22.8
69.8
5.8
23
69.8
3.83131969
23.8
69.8
5.1
24.45
69.8
3.8
22.91
69.83
3.3
22.59
69.85
3.97183
22.2
69.92
4.2
23.38
69.92
4.8907
23.2
69.9
7.8
23.2
69.9
3.3
23.2
69.9
3.8
23.2
69.9
4.8907
23.2
69.9
4.51518
23.3
69.9
4.02692569
23.7
69.9
3.5
24
69.9
3.73351669
23.26
69.97
3.97183
23.58
69.98
3.86316
23.51
70.05
4.57845
23.51
70.06
5.5152
23.2
70.07
4.70335
23.56
70.07
4.18917
23.57
70.07
4.94986
23.2
70.08
4.0805
23.2
70.09
4.0805
23.25
70.09
3.86316
23.61
70.09
4.18917
23.77
70.09
3.97183
24.01
70.09
4.7
23.61
70.12
4.18917
24.55
70.12
3.3
22.47
70.1
6.6393
23.4
70.1
3.6
23.5
70.1
5
23.5
70.1
4.3
23.5
70.1
3.5
23.52
70.1
3.86316
23.7
70.1
5.7
24.2
70.1
4.18917
23.52
70.13
4.7658
24.52
70.13
5.70255
23.38
70.16
3.42848
23.81
70.17
4.0805
23.74
70.18
4.8907
23.81
70.19
4.6
22.31
70.21
3.8
22.2
70
5
22.33
70.22
4.8
23.12
70.22
4.32865
23.39
70.22
4.18917
22.8
70.2
5
23.2
70.2
3.3
23.3
70.2
6
23.3
70.2
3.4
23.4
70.2
3.8
23.5
70.2
4.5
23.7
70.2
3.1
23
70
4.29784
23.16
70
5.3903
23.3
70
5.765
23.4
70
3.97183
23.4
70
3.5
23.6
70
5.9
23.65
70
3.97183
23.7
70
5.4
23.7
70
4.5
23.8
70
3.9
23.83
70
6
24
70
3.3
24
70
5.32785
24.4
70
5.82745
23.83
70.25
5.82745
24.25
70.25
4.51518
23.52
70.26
3.75449
23.61
70.26
4.40651
23.28
70.27
4.73252
23.44
70.28
3.64582
23.57
70.28
3.97183
23.25
70.29
3.64582
23.27
70.29
4.3911
23.57
70.29
3.42848
21
70.3
6.3
23.1
70.3
3.8
23.3
70.3
3.3
23.3
70.3
3.9
23.5
70.3
5
23.8
70.3
5
24.9
70.3
4.9
23.38
70.33
4.7658
23.83
70.33
3.3
23.48
70.35
4.18917
23.17
70.36
4.82825
23.36
70.37
3.86316
24.1
70.39
3.8
20.9
70.4
4
21.1
70.4
5.2
23.41
70.42
3.86316
22.5
70.4
5.95235
22.5
70.4
4.70131413
23.2
70.4
6.6
23.2
70.4
3.5
23.3
70.4
3.63571369
23.3
70.4
4.02692569
23.3
70.4
3.1
23.3
70.4
3.4
23.38
70.4
3.86316
23.4
70.4
4.9
23.5
70.4
4
23.5
70.4
4
23.6
70.4
5.1
23.79
70.4
3.6
23.66
70.43
4.0805
23.92
70.44
5.70255
21.73
70.45
3.8
23.27
70.45
4.82825
23.36
70.45
3.31981
23.28
70.46
4.2662
23.34
70.46
4.2662
24.95
70.46
5.57765
23.02
70.48
3.75449
23.22
70.51
3.31981
21.1
70.5
4.3
21.2
70.5
2.9
21.4
70.5
5.1672
23.51
70.52
4.0805
23.4
70.5
3
23.47
70.5
4.18917
23.5
70.5
5.3
23.9
70.5
4.71154669
21.16
70.54
5.1
22.98
70.54
3.97183
23.35
70.58
5.5152
23.41
70.58
5.70255
23.34
70.61
4.73252
21.2
70.6
5.4
23.4
70.6
5.7
23.7
70.6
4
23.8
70.6
4.02692569
23.8
70.6
4.8
23.15
70.64
3.97183
23.5
70.67
5.5152
23.56
70.69
3.86316
21.2
70.7
5.3
21.4
70.7
2.7
23.5
70.72
5.8899
23.4
70.7
3.44010769
23.8
70.7
4.22253169
23.83
70.76
4.0805
22.42
70.86
3.3
22.3
70.88
3.8
24.81
70.88
3.8
22.3
70.93
6.0148
24.69
71.03
4.2
21.46
71.12
4.90715269
22
71
3.8
22
71
6.32705
22
71
4.29784
22
71
4.84119
24
71.2
4.7
24
71.2
5.45275
24.5
71
4.73252
21.33
71.37
3
23.2
71.38
3.3
20.6
71.4
5.5152
20.6
71.4
4.2
20.6
71.4
4.2
22.3
71.6
3.8
22.23
71.78
5.3903
22.4
71.8
3.5
22.4
71.8
3.3
22.4
71.8
4.94986
21.86
72.04
3.3
21.75
72.15
3.8
21.72
72.16
4.6
22.07
72.19
4.2
22
72
4.2
22
72
4.40651
24.23
72.22
5.7
24.23
72.22
4.2
24.2
72.2
5
21.9
72.27
3.8
21
72.4
3.8
24.5
72.4
2.9
24.8
72.4
4.62385
22.11
72.43
3.8
24.76
72.54
3.8
23.05
72.67
6.0148
21.6
72.7
5.2
23
72.7
4.2
23
72.7
3.8
23.1
72.7
4.51518
24.4
72.7
3.3
24.4
72.7
6.7642
24.4
72.7
5.1672
22.82
72.82
5.70255
22.3
72.8
5.2654
21.17
72.9
3.8
21.2
72.9
5.8899
21.2
72.9
4.7
21.6
72.96
5.765
21.16
73.05
6.2646
21.4
73.06
3
20.88
73.1
5.20295
20.88
73.1
4.29784
22
73.1
3.8
20.55
73.15
5.07805
21.2
73
3
20.66
73.21
5.765
21.68
73.21
5.70255
21.6
73
4.94986
21.7
73
4.2
24
73
6.3
24
73
5.6401
20.71
73.37
4.29784
21.83
73.85
3.3
22.48
74.2
3.8
21.97
74.27
3.8
22
74.3
3.3
