1353
790
974
946
1947
974
1136
944
547
1665
974
951
951
989
948
1683
977
968
1789
496
1787
1665
817
1665
1665
1665
948
217
1665
1787
1025
1787
1787
608
366
210
592
592
1720
685
1105
685
301
1673
1665
327
685
1787
327
1665
1665
264
229
205
1665
887
1665
1007
1665
592
278
1665
693
264
204
205
205
205
205
205
401
216
224
205
205
205
205
1025
1025
1675
927
1115
1115
1103
1103
685
392
1032
1032
1953
1103
1103
1373
1353
1373
1373
1244
1028
327
1953
598
598
598
1665
1665
1665
898
1665
1665
327
1083
1665
90
1665
1028
685
946
1665
647
1665
1665
1953
1115
1115
1665
887
1666
1665
946
946
327
21
732
732
697
592
944
387
327
1687
651
651
825
927
843
323
1903
323
323
354
1665
1790
1790
1790
828
209
340
354
341
341
1713
932
1136
1665
341
1665
1363
385
385
828
1363
1953
1665
1903
1953
1953
1953
1953
1953
169
319
1090
815
209
1953
391
693
650
359
1953
1953
1691
1953
1951
1685
1675
946
1671
205
205
1032
205
327
1665
1936
1698
1790
366
617
1500
1498
32
1939
1953
1953
1953
1665
976
229
1903
1953
1695
1720
865
647
887
1115
1136
1087
1665
1136
327
867
327
582
1903
1091
1314
1087
1715
1953
1121
1322
946
946
1295
662
148
224
701
1042
590
327
742
693
596
598
598
1665
1115
902
210
612
1095
385
1449
1584
931
1035
1689
1673
234
931
1677
1404
609
1665
931
257
1691
590
1665
1677
1677
1665
1684
686
1024
1787
1675
385
210
1095
693
327
327
988
943
1665
1691
587
1787
1691
1691
387
261
1677
964
1078
869
1526
932
1684
1684
1042
1665
1665
742
1691
1685
1103
1024
1042
210
1078
234
515
210
831
209
1103
1025
259
1078
1024
1953
988
663
666
1078
327
120
702
1930
1239
602
898
50
48
1239
1083
780
1665
1665
116
1930
780
1953
1040
1930
1689
1431
1298
181
181
867
1001
1930
181
1944
1582
181
775
612
1141
774
915
1947
1001
590
181
756
774
1937
618
1590
796
1553
762
1051
181
1941
1941
388
1854
1930
775
1930
1250
1853
1590
178
887
1878
1930
1853
1176
923
1854
1250
1940
1854
1854
69
178
775
775
1838
423
178
1577
1577
1577
1577
618
1589
1589
1867
1589
1867
647
1940
618
620
1579
1577
1579
1539
1580
213
204
506
647
1843
1269
1269
216
1843
647
1067
1136
979
209
1058
790
1953
1525
790
618
618
1058
1587
618
1812
1298
799
1853
44
435
1930
1058
1040
1116
1853
590
590
590
590
300
618
618
618
618
1526
69
618
618
234
1864
222
618
181
618
1587
1298
1867
1040
59
59
618
59
601
618
1546
1537
788
749
975
1940
1940
1940
1940
1940
1940
1940
1940
1940
1940
1940
618
1940
1587
1941
1940
618
618
181
1533
1436
1587
1810
1930
1566
1534
1250
618
50
618
1941
231
1559
1940
1853
50
74
1944
799
1953
1810
618
618
1944
1953
618
799
1043
69
618
69
1040
780
1941
640
50
66
66
792
66
66
66
66
66
779
66
66
780
788
66
780
1953
1553
69
67
1594
83
799
799
67
799
77
67
58
67
799
799
1689
1553
83
1959
67
62
66
66
778
66
1553
69
67
792
76
79
787
62
69
792
67
75
792
1047
66
786
66
67
1582
67
787
1826
68
69
67
66
786
71
62
774
62
66
83
1953
67
1051
66
66
66
74
799
67
1826
67
1436
1836
67
65
786
66
778
756
82
1881
788
774
62
83
1576
1865
786
1865
72
1590
75
1930
796
1523
988
77
1553
1953
57
762
788
74
1051
66
57
62
83
83
83
1580
947
84
74
232
66
62
62
1018
799
1853
74
62
1590
59
59
59
59
59
59
1878
59
59
59
59
59
59
1051
1854
1051
760
62
62
1051
59
1871
1854
65
59
59
59
756
618
77
59
1875
59
204
1812
778
1953
403
1838
59
778
217
1850
1269
83
83
1577
1941
741
403
83
202
860
1553
1589
1863
616
383
383
403
795
618
1953
1867
1602
778
792
618
1253
797
618
1562
1602
1051
793
1534
778
221
598
797
82
778
618
533
374
1579
790
618
1533
231
181
1566
181
1843
1868
893
1539
899
1544
1530
981
1584
778
1587
793
1941
1930
797
231
1534
618
1546
758
1878
618
779
1942
231
1481
1942
231
1941
619
232
209
235
1244
760
1271
1827
1553
1850
758
1051
731
828
1710
779
1712
1789
1860
1058
1953
1942
295
1959
828
1939
618
618
618
1044
1525
1537
618
790
1529
1059
1045
548
1790
619
1587
647
618
1878
1812
778
292
1853
808
684
799
1942
1545
1853
406
1045
216
618
637
1153
1058
1005
1250
1040
1275
1105
40
755
780
986
1813
1940
1269
1058
1491
1260
1510
1576
1534
1929
623
1552
761
1437
1850
618
1239
1353
1436
1953
1953
69
1864
758
1057
1856
1665
181
1868
1298
1856
1671
1436
1850
181
181
618
1587
1695
618
618
1953
756
1574
618
1040
616
1941
1271
684
620
59
822
70
790
1269
1269
1059
1008
1947
1587
1947
1600
618
1272
1827
1856
1296
778
407
1869
988
1857
1031
1031
1031
1031
1867
1929
618
83
618
618
618
62
1930
1930
1290
988
1594
797
955
755
778
181
181
193
618
993
1539
1946
1946
1587
437
1005
1823
1946
1939
1941
1941
1940
1747
1566
1580
946
1534
1947
618
1814
1271
1271
1290
1271
1271
1269
802
1940
1559
1820
1959
1531
1853
1944
1946
1853
762
618
1953
1953
1947
647
1269
1271
1953
1269
1269
1941
618
767
795
1138
169
767
181
955
1007
1016
84
84
647
1715
1043
967
509
778
949
986
946
618
618
69
1666
1712
1564
1568
1930
981
981
1953
1610
966
981
981
995
966
946
617
617
966
966
1244
66
1930
981
1940
1843
981
981
456
981
618
1519
1272
1244
1526
1553
1936
618
618
170
1334
1334
349
1539
957
618
181
1953
966
251
179
1568
1953
1692
1659
76
1600
1271
1263
946
1947
146
1772
1772
1347
1304
1851
1519
1491
1588
1271
981
981
1567
132
799
1348
1772
1772
1820
1096
966
1562
1930
1720
1720
682
406
1947
1824
1940
193
616
1087
1780
981
767
981
981
981
1953
1024
1843
1851
1087
1087
1087
946
977
46
618
618
618
1720
618
1940
703
1603
618
703
703
83
181
618
1580
181
799
1947
1329
1329
232
785
616
1087
1853
1789
618
1813
1720
775
775
381
381
1054
531
703
703
703
59
1342
650
1953
1953
1037
1695
381
795
1947
541
896
292
981
1414
984
193
193
381
381
1124
1789
1936
1341
1394
1314
1720
179
1355
1305
997
1313
1313
1780
1957
1720
1720
1740
1957
1936
1720
1957
1957
1790
1355
1355
381
1770
1770
1345
1553
1720
662
684
1936
1947
1136
1947
592
592
1105
583
1103
1051
1103
1103
1947
598
598
1083
592
1530
944
1903
1562
169
1090
1051
976
1622
1903
1136
1051
1136
582
596
598
598
1534
612
609
1959
590
601
598
587
601
606
64
598
608
760
1103
598
583
595
1103
583
799
606
756
602
614
613
601
1947
1843
583
601
602
1083
602
1868
589
602
598
602
602
602
598
611
608
585
1544
598
585
1947
602
1587
601
608
796
580
612
606
613
623
1947
1576
608
598
613
590
758
611
602
598
608
595
602
779
598
590
602
601
613
1136
592
590
586
590
590
590
590
609
786
613
601
1553
640
1820
598
592
1850
637
1105
758
623
1947
1051
1947
1947
1138
591
581
1947
1115
1947
1091
779
1087
1087
1087
1947
1087
1947
1860
1124
590
646
997
59
1947
647
1087
1087
587
1137
1084
587
582
1087
590
1537
1087
1138
1138
1525
1089
1105
1075
1087
1947
1947
1136
1084
1084
1112
590
612
598
623
1878
1947
976
778
612
991
579
1853
1111
634
1947
1124
646
1947
1069
988
646
592
595
1539
976
1031
1947
1947
1947
1045
1947
579
579
1136
583
593
1136
609
582
1947
590
582
582
612
582
602
580
612
590
780
591
582
578
605
1813
613
613
606
613
1058
609
586
609
612
578
578
582
582
606
1136
1598
1526
780
780
1953
1689
1959
778
755
1553
1047
1850
1582
774
1051
778
756
1850
774
774
1576
1590
62
796
1553
1953
762
1051
790
1953
1853
760
1590
765
1878
1854
1854
77
778
1850
1953
1838
1555
778
1577
1589
1665
795
1867
778
797
1850
793
778
767
797
62
778
1579
1533
1566
1850
1843
755
1539
1530
778
797
1864
1878
1942
1942
760
1058
1062
1942
1959
1574
1525
790
1587
1812
799
69
1853
1058
1040
755
761
70
69
1077
1868
790
1587
756
1040
59
799
1587
1827
1051
778
1869
788
797
778
1953
1587
1823
1566
760
760
1534
1559
1959
1853
1953
1953
1597
795
1043
66
778
69
1564
1856
66
1553
76
754
83
1580
232
68
59
795
1878
1553
1051
1031
1530
62
1562
1051
1622
1031
1051
1534
1959
1823
64
760
799
756
1843
1868
83
1544
1587
796
1959
1576
758
779
62
786
1553
1820
1527
1850
1051
758
1051
779
1860
1594
59
1537
1525
1075
765
1878
755
778
1853
1069
1539
1031
1045
795
780
1813
1539
1058
1598
755
788
1850
1850
774
62
1953
1577
1953
760
765
1850
1953
1555
1878
1665
1850
1580
767
776
62
1850
755
1618
1864
1857
1062
1574
69
70
786
1077
1868
790
799
1051
788
1600
1953
760
760
1597
66
1856
754
1953
68
1878
59
1031
62
1031
1823
1820
83
782
1959
62
1531
1527
1051
1594
765
1863
755
795
1539
757
788
758
1577
1878
1580
793
776
1618
1857
786
1868
757
1600
765
1953
59
1820
782
1531
1863
757
758
793
757
765
760
760
1554
793
1554
793
758
786
758
758
786
1575
84
758
780
1863
790
762
784
1575
1522
76
762
1564
84
68
780
755
83
1588
1568
1863
757
1608
1850
74
762
1878
1559
1598
790
68
762
69
69
1864
784
1539
69
68
1522
69
66
1537
1568
1620
1881
76
1878
762
1851
1588
68
1537
778
765
68
1564
799
68
1878
755
1843
83
755
1588
63
1555
1568
1561
788
1868
787
757
76
1881
780
790
779
767
63
1853
1043
1851
788
1868
1582
756
1608
774
794
1850
1603
778
74
67
799
1558
762
1853
785
756
1853
1878
1814
1559
1850
1959
1959
1942
1530
764
1054
1598
779
1843
1831
68
762
69
1067
1850
765
69
80
74
799
1959
1864
1853
59
1953
790
1059
1539
1857
69
765
68
1942
83
1853
1843
69
1942
66
1959
1850
1868
778
778
83
1531
755
760
792
1537
1067
1843
788
83
1568
1537
1875
774
1937
1588
785
756
1620
83
69
1881
774
1878
767
755
1621
1526
1819
755
1959
758
795
784
1857
1588
1878
795
1831
1546
72
774
1851
69
796
762
1526
760
1959
763
1588
1878
758
68
782
1864
83
756
1953
1537
1069
83
778
755
765
758
795
68
1069
795
1058
799
83
767
780
80
1813
1878
1069
63
1843
757
755
765
63
790
795
774
1959
1959
1863
1555
759
1069
1561
752
788
786
780
1868
76
1868
1959
1545
1590
787
1853
76
785
768
795
778
793
1691
757
1881
1953
780
1051
1863
780
778
790
780
1863
755
1953
790
1807
1942
778
779
1539
784
1544
793
76
767
1942
795
1618
63
1043
1853
62
780
68
69
758
1043
788
69
780
769
1851
795
788
76
75
1558
1868
779
1582
759
1959
780
66
1607
1878
799
66
756
762
756
792
1544
1621
774
796
1864
794
1620
1531
760
1959
778
788
798
1603
762
778
778
755
792
67
82
757
799
780
770
760
799
795
759
1558
1863
1868
1069
1853
760
1959
1558
778
762
758
1959
785
788
1616
756
1867
774
1551
1953
1853
1850
796
1596
788
1814
1959
1526
1853
1868
777
788
59
756
1853
1850
1539
1853
1959
1959
1043
1942
1864
1530
786
764
1604
1618
1853
1850
785
1054
1079
68
779
1850
1843
1597
1831
1843
762
69
1067
795
1850
778
1863
1807
83
765
777
1959
63
80
768
74
1069
1959
757
799
788
1959
767
1853
1959
59
1077
779
1863
62
1850
1953
792
790
62
778
1059
788
1691
1857
1878
774
765
1942
755
66
778
65
760
1942
758
795
62
756
778
1959
756
795
80
1580
757
758
1959
69
1853
1826
759
83
66
69
1850
1853
762
1031
792
1654
795
1843
1078
767
1942
1617
1959
1959
1075
774
794
780
1953
1831
1959
1850
1525
1691
780
1850
1850
799
757
758
1608
795
758
1058
1850
762
782
755
1868
1853
774
784
778
778
784
1850
755
790
782
782
83
782
1817
778
59
1820
1850
1531
755
752
1942
69
1843
1617
774
1067
1594
1850
69
795
1864
763
1598
765
1051
1051
765
1596
785
760
1530
1559
792
1942
1959
1067
755
1078
1853
69
1843
1953
757
1843
1959
1864
62
1853
788
83
1939
762
66
83
795
780
1537
1580
83
83
795
795
1052
1937
785
1875
1937
1959
1851
760
795
1051
69
755
1526
774
1865
1937
60
1853
1588
798
1850
799
795
1588
767
785
1853
780
1850
83
1543
790
756
1537
1959
83
66
758
758
790
778
69
1831
755
774
755
796
767
1937
1959
755
762
1850
758
1621
1937
83
1526
778
59
1819
755
1878
786
1853
756
779
1623
1953
1051
778
765
755
793
1937
755
799
1959
1951
765
1942
66
760
66
83
62
757
795
758
1853
795
72
755
784
1853
1837
1857
778
1850
62
1868
1853
756
1850
1603
1567
757
1588
1600
1850
1864
1856
1959
1878
761
1051
795
1868
1558
757
1831
1543
1942
777
1850
760
1942
1546
755
1853
72
768
1558
774
779
756
69
1942
780
1850
786
1853
753
1521
796
1546
1864
762
760
1843
1850
66
58
1526
760
760
1816
69
1853
1553
1959
793
756
1850
1953
83
790
1577
778
1959
69
68
763
1942
83
784
782
1878
1074
1850
758
1529
780
792
1654
795
782
767
765
1853
780
1638
1546
1662
1864
795
1062
83
756
1031
756
755
773
788
1959
788
1624
767
1040
765
1596
780
1853
795
1942
1853
1953
1850
755
1942
59
790
1031
1564
1820
756
796
1579
778
1959
756
1069
69
1582
83
780
1574
782
1843
778
790
795
69
1559
755
758
80
1531
795
778
755
1863
756
66
799
794
59
778
1850
1849
223
758
760
1069
1031
784
795
1864
780
1814
759
1942
795
792
1662
1623
1531
1850
1058
778
1813
1878
69
68
778
765
755
1051
83
1051
778
1538
1052
1051
1813
59
778
798
754
1814
1589
1051
69
1959
1959
1850
767
1051
1077
758
780
69
1523
1867
764
1558
1594
1853
1850
756
1843
1059
69
788
80
1953
1813
787
795
1069
1867
795
1543
58
63
757
1589
779
774
1953
1650
754
1853
756
765
1564
758
1850
767
793
760
759
1850
778
790
1079
83
1526
764
1062
788
795
778
1942
758
764
1953
795
1054
780
774
1868
767
1959
1521
1051
790
1691
83
1959
1959
1537
1654
790
1051
1521
788
83
780
795
83
1588
62
83
774
1953
1539
1650
774
1546
1868
1868
1567
786
788
1567
759
755
778
1959
1959
1959
1863
1959
1027
1857
1843
765
1051
796
1850
758
757
80
83
759
1853
755
1069
1959
1040
1878
755
1853
778
1551
1959
795
778
752
778
1051
1590
1864
756
1942
786
779
1959
83
778
1853
780
788
1959
760
1051
69
1942
1635
752
1867
778
756
758
761
752
788
1857
1850
770
76
788
1558
1857
1051
762
1868
1623
1600
786
1871
1624
1853
778
1959
760
1953
1959
758
788
1567
1959
1878
1545
1563
777
1590
1624
1596
754
1588
62
756
1820
1853
1041
1051
785
780
1559
768
1567
758
1959
1691
69
1051
1868
797
755
795
1871
788
62
795
1552
1813
764
795
755
69
778
778
774
755
778
1071
1556
1937
778
770
1556
1864
80
1559
1577
790
755
1959
793
755
1600
1633
755
1544
790
758
758
760
68
1521
1054
59
778
1691
788
795
765
757
59
1551
1521
765
797
763
795
790
774
1630
62
774
66
1937
760
1067
1843
1850
787
762
1850
1538
765
756
1959
792
1058
1953
1054
795
1040
780
786
799
778
1942
1863
1554
1587
1051
1597
778
1863
1639
1026
788
778
788
756
1622
755
1868
1953
796
778
1613
1537
774
1959
758
1942
1853
758
790
774
758
780
1633
1051
1863
1600
1937
774
1853
1878
82
758
769
755
782
754
62
1953
1867
1853
795
752
1807
1843
83
1959
1942
1816
755
1582
778
756
795
1543
1621
1539
1843
1959
1853
759
762
1953
788
784
1051
1051
1544
1850
1864
757
1838
759
1662
762
1051
793
1079
757
76
1535
1635
1051
786
1942
795
1959
767
788
1031
1868
774
1850
762
779
1959
758
795
1618
786
1878
1813
758
60
756
799
1959
1043
1646
788
63
62
756
795
754
786
780
83
66
774
68
1813
778
778
62
1574
1843
69
1953
760
758
767
795
1953
758
758
756
765
1843
1959
792
69
1058
788
1850
1850
69
1953
1959
777
752
792
1850
83
1853
1544
1863
1662
793
1953
756
758
1850
1054
63
1849
793
1078
776
780
1823
62
1853
779
778
769
1850
774
795
1543
1959
790
1853
76
1857
1550
75
1819
756
1544
1867
1558
1814
788
1850
68
1059
1806
1864
756
1635
1871
1521
779
799
73
759
74
1959
1850
782
1937
1535
774
1878
790
1545
780
66
758
1654
1607
1558
778
1027
1547
1675
59
785
1878
1655
1594
1574
778
784
779
799
753
58
1942
66
762
1069
62
1942
755
758
1594
69
1853
758
1942
1850
793
1953
778
1631
796
778
774
756
1942
1853
755
1942
788
76
756
1051
792
1049
1864
1588
779
68
1051
1853
788
1544
1942
793
1942
1857
1942
1621
1850
1850
1589
755
796
788
76
1864
756
760
1553
1620
1574
69
758
65
778
1959
1659
758
762
1942
1531
1942
1537
1550
1853
83
760
1959
68
778
1875
780
774
1942
1075
779
788
792
1531
788
790
1942
798
782
755
762
1953
1959
778
786
1624
68
1538
1540
1559
755
1853
1953
792
1652
1582
768
1942
790
82
1959
1942
757
1953
1030
799
755
755
1854
1850
756
780
765
1065
59
756
795
1959
795
795
1624
770
755
760
1863
795
1040
795
1522
759
1550
1868
795
795
1863
1959
1643
1559
1868
1853
1069
1608
762
1942
777
1590
760
758
1942
74
1942
756
795
1078
1942
1959
83
83
1563
1558
1959
770
795
795
59
1850
778
1059
1843
759
69
762
1864
778
795
1942
758
770
763
1959
1558
795
788
1959
798
1616
1031
1881
1867
759
778
774
767
1870
1551
76
797
1953
1624
1630
1850
796
753
755
795
1850
1596
756
1574
788
1857
760
1942
1942
1959
1031
1031
1632
1526
1574
778
795
1615
1853
779
759
756
1851
1868
756
1814
1850
1959
1942
777
1853
1577
788
59
760
795
756
1959
778
1652
1853
1864
755
758
1850
794
68
1539
1953
1567
1953
1853
1531
784
1043
1959
1868
1675
786
1864
795
1077
780
755
758
786
1883
1041
778
797
1853
1604
1942
778
1618
1867
57
1547
795
1853
788
69
774
1850
755
1942
778
1652
785
1662
1553
76
761
774
1863
1867
1521
1079
1814
66
1942
68
795
1959
784
1871
795
756
765
756
1850
788
1550
786
753
1942
1597
758
779
1843
784
83
69
1959
1591
795
1942
799
1843
778
779
778
76
1863
760
759
760
1523
762
1807
83
1051
62
1531
1574
1942
760
1942
797
83
1587
778
62
83
83
83
777
755
83
1598
755
799
1863
1959
63
1546
1823
1937
83
768
1867
779
790
1953
1864
782
1069
1959
83
1939
757
799
83
788
83
1051
83
767
1558
778
1850
62
1959
770
1942
1077
781
1942
69
759
779
1544
760
1857
1597
1863
1847
795
62
83
83
1843
1850
795
1624
795
792
1635
1553
1649
1853
1600
758
62
83
1067
1640
778
1959
1523
1023
1853
755
788
1853
784
1942
1691
1942
1539
797
1959
83
767
1871
1878
756
774
1853
1942
774
1823
1942
795
1850
758
1051
64
72
83
799
1665
1820
1942
758
1662
793
1942
780
1558
1850
755
1058
1867
765
1850
1079
778
66
758
774
782
778
1543
799
755
1942
779
755
779
1588
65
1850
793
760
1942
1953
784
778
782
760
1942
758
757
1853
795
1036
796
62
762
1601
1876
1942
1953
760
1853
1871
1031
1555
1850
1850
756
1853
779
60
778
68
1959
1850
788
756
1853
782
1033
1051
795
80
1875
1067
1033
790
1662
1544
1850
758
1051
1580
762
1853
83
758
795
1953
1959
755
757
1942
758
1031
1942
1051
1868
1051
774
760
1853
779
1850
762
1959
1953
1831
765
69
1051
1942
795
83
1853
69
778
778
1826
223
1027
758
1959
778
788
1079
760
1531
1850
1942
1942
1047
759
1031
760
1942
66
1547
1878
771
1638
756
758
1843
1807
1054
69
69
1069
1850
1850
1814
1600
1850
59
764
755
1618
760
795
762
770
761
758
792
790
1559
782
758
72
1031
1618
1850
1843
792
765
1814
758
83
1942
774
769
755
1883
1654
1051
1942
1027
762
66
1023
1823
799
1040
1607
795
1078
755
1685
1867
767
1942
759
1617
1857
1959
1558
1853
755
1075
1567
68
788
1047
1942
1871
774
1853
1559
758
1597
780
769
778
778
1651
1831
759
794
765
755
780
1691
1041
1953
1040
756
1054
1688
1864
1942
1559
755
1831
755
792
1051
758
1850
1959
1850
83
1525
756
765
1553
1691
774
759
765
780
774
782
760
780
755
1942
1850
1853
1651
1546
1618
1850
62
68
1635
1953
1575
799
1531
62
757
74
790
758
68
758
1608
758
780
756
755
795
778
1054
1561
1871
1942
792
760
758
83
758
1867
1853
1058
69
780
1942
762
1523
1939
782
1814
1843
1853
755
755
66
1853
760
1553
790
1871
1553
762
1031
761
755
774
1850
83
780
1025
83
1868
1853
784
1582
1587
1843
784
1613
68
755
774
68
1853
1600
1850
755
790
766
767
782
756
782
755
1953
782
1526
1853
784
782
1942
1817
778
83
755
63
780
72
778
760
1530
1622
1937
1618
1853
782
1842
59
1843
780
788
1820
760
758
1850
778
756
752
756
1953
767
83
1942
1826
778
778
69
755
1577
758
760
1623
1531
757
1843
1853
1959
1953
1598
1868
1051
1539
1843
1031
758
1617
760
1553
1522
778
774
1067
760
69
795
755
59
756
1558
68
1059
1850
778
1594
778
767
1850
1942
1654
1871
788
1691
1568
69
1530
1596
1031
758
795
1942
767
755
1847
756
1813
1864
1644
763
1843
758
1853
1598
83
1051
795
755
1843
1867
762
1600
758
1850
1064
1853
758
62
1820
767
1640
62
1959
765
758
768
1069
1051
799
1863
1566
1959
760
768
1051
1959
1051
1871
1574
754
1806
758
758
1853
1589
765
788
1813
83
1617
1596
758
778
1853
785
1644
1036
768
1588
766
1608
778
758
755
1559
1942
795
1530
1559
1953
1031
795
1843
65
1062
1942
1631
785
753
1031
1942
1615
1871
1959
774
795
755
795
756
1853
1556
1853
1078
1953
1564
1853
788
799
769
1621
1651
1047
69
778
1853
1953
1942
758
83
784
793
756
780
757
1937
757
1530
1843
1942
1959
1558
83
59
1864
1853
1604
798
1031
62
765
758
762
1853
792
1582
755
83
1051
788
1939
1853
755
758
752
762
83
83
1953
1617
1646
66
764
795
1942
1031
1854
1843
1843
759
780
1959
1942
1580
780
788
1850
1031
1942
1043
1937
1051
83
1067
755
83
1837
756
795
795
1942
83
83
1600
1589
83
767
1052
758
1054
1959
1937
1937
1864
1598
785
1878
758
1937
83
756
774
1959
774
1942
1837
788
1853
1851
83
1850
756
1587
1864
1942
1863
1662
760
790
795
1942
1047
793
1051
790
779
1577
69
1942
767
1850
1853
1850
1942
1047
755
765
1523
1526
774
62
1051
758
1959
759
1059
1865
1552
1942
1069
60
1864
1631
1853
767
758
798
788
1853
1850
1853
1051
1051
1535
1034
799
765
1864
795
788
1051
1051
61
756
1588
1864
767
780
1827
1853
1051
1051
62
795
758
758
780
756
779
1850
780
1820
83
1051
1051
1942
1543
796
1850
1051
790
1942
83
756
1632
767
1047
1850
1537
756
799
795
1579
1853
1959
1853
1942
63
787
1853
66
1942
1867
1051
758
756
1074
795
1868
1530
1838
758
1526
790
1065
1031
754
778
1840
1853
82
1831
755
1826
1864
1871
756
757
755
1074
74
763
1545
758
1853
758
1051
1531
796
788
1937
1819
757
1959
1691
762
74
758
795
774
762
1655
767
1864
756
758
1597
1953
1537
1853
1548
1850
778
758
1850
1853
758
795
767
1590
1054
1953
756
1574
1838
1939
1937
1953
779
83
1587
778
1620
1654
793
758
793
1618
1853
755
59
780
790
83
755
784
756
1538
1878
764
760
786
777
1853
1853
1823
774
1959
1590
756
778
1942
779
1853
790
778
795
774
760
763
1959
1040
1959
1953
1623
69
1959
755
758
761
1953
755
767
786
1051
1853
778
1850
1646
755
765
759
1856
763
1959
74
779
1959
780
758
778
793
1618
1937
756
767
789
1850
795
1853
755
1843
1819
1942
1523
1577
1856
69
759
1853
1591
758
62
774
69
756
1622
756
1942
1953
1631
1620
779
756
1638
62
1526
1545
756
788
767
774
799
758
756
795
1953
1953
755
779
779
1864
1027
1069
59
755
59
59
758
774
1853
1953
756
799
755
763
1959
760
1878
1951
757
760
1864
1059
1823
799
59
765
1875
784
1850
1959
1942
65
79
755
756
1959
66
83
762
782
1545
1868
767
1959
758
1812
1864
1047
760
1853
757
1853
760
66
787
76
1054
83
788
1078
62
758
62
1031
1853
1871
1051
790
757
767
795
762
757
1856
774
1685
1040
1853
1850
1806
786
767
1047
758
1031
72
790
763
755
1942
1864
1853
1587
788
1959
792
1864
767
1819
758
1837
1853
792
779
1959
1942
1942
1850
1577
780
755
756
1959
767
1522
1942
759
756
1589
758
771
758
768
59
778
1853
778
778
1942
1942
758
1850
760
755
758
780
778
790
62
754
764
1868
1624
758
1853
1843
62
756
780
758
758
1588
1850
62
778
1850
758
1850
758
1603
1864
1953
1871
783
62
1051
769
1850
1567
62
778
778
790
789
62
788
757
76
788
755
1853
757
1868
1600
760
1608
1535
760
1850
758
1054
756
1864
1546
795
758
794
1867
765
1953
1631
782
788
1523
1563
779
1864
1864
1953
1853
1853
1959
756
795
756
779
755
778
1959
765
762
1531
1538
1843
62
757
1521
1853
785
774
1843
1937
788
756
1555
778
1826
1871
1040
1853
1622
755
790
1526
1051
76
1620
1959
1956
1535
1942
80
76
799
1843
1953
770
1813
66
787
756
759
1814
1622
1629
1959
778
758
1942
1031
755
1069
756
1530
1853
1631
778
784
1850
1857
798
1878
1856
788
1054
1959
778
1831
790
756
795
1040
83
1691
83
761
1535
765
1867
789
1580
1878
755
1959
83
762
83
83
1051
1051
1546
1634
1062
68
1864
1868
68
1529
1558
1559
786
1853
765
60
757
795
68
68
1867
1543
1600
1618
767
1031
68
790
1942
1601
1027
1853
1051
69
1850
1853
777
1850
68
1849
760
1850
760
1959
1850
765
1942
790
1631
755
83
787
778
1853
69
1631
69
1075
765
768
1558
1853
758
1615
779
790
1521
756
756
780
63
1939
765
1853
69
780
1942
780
1850
770
66
752
765
1574
786
770
1655
1564
777
1853
1942
774
1850
1521
1853
774
68
62
778
753
76
1959
1040
782
1521
1652
761
1939
1867
84
1069
780
1539
1853
1850
1853
1546
752
1953
1843
758
795
759
1850
1864
66
755
760
1531
1959
1069
68
799
1843
755
83
765
1856
1953
1062
790
1850
778
1942
1850
1871
66
779
83
66
788
1942
58
1051
760
760
1067
766
1816
1620
768
1953
1054
756
69
1032
1103
1103
1935
1373
598
598
598
1665
898
1665
1665
1083
1853
1665
90
90
946
1553
1665
1665
144
582
1504
1498
946
592
1959
944
1687
651
825
927
793
843
323
1903
323
1790
828
340
354
341
1713
932
1136
1665
341
1665
1777
385
828
1777
1903
756
169
319
1850
1090
209
725
663
359
1685
1953
1675
946
1671
83
1032
1936
1790
790
366
1500
1498
896
1665
976
1903
1695
865
1577
647
887
1090
1136
1665
1136
843
778
582
1091
1903
1091
1314
69
1715
1135
1353
946
843
68
1390
662
148
1500
609
742
1942
1431
596
585
1115
83
902
1500
582
1095
1035
1683
234
1677
1404
609
257
784
1683
590
1665
1677
932
686
1024
1787
782
927
1675
1141
1111
1795
979
1665
1665
587
1498
1787
405
261
964
932
209
831
209
1103
931
259
1074
1024
988
663
702
602
898
591
1467
1850
1529
1710
946
1083
780
1665
1665
1665
1759
955
1467
792
1491
1431
867
828
1654
1504
612
795
1947
1947
767
590
968
765
257
941
178
887
1204
1665
946
358
975
178
178
1683
1853
1491
673
1413
780
855
1911
1338
1491
1491
1136
955
708
919
209
946
340
1746
1638
301
137
612
590
932
1546
1310
1500
170
1662
341
609
611
968
795
1321
1491
301
1062
1500
160
756
887
234
1031
903
1746
1382
713
755
843
301
773
1491
1491
348
932
1947
988
708
1665
345
1933
311
788
376
1519
860
828
1959
295
1491
1890
684
139
788
1789
800
589
1922
1414
1624
767
898
1040
1789
1491
589
257
893
898
765
345
902
1712
589
1596
1956
1431
1481
209
1712
731
828
1710
931
1789
295
868
1789
1713
1790
780
867
946
239
1947
1853
684
351
713
607
1136
592
1153
1934
795
988
946
1491
1510
1083
1942
1947
1353
1665
591
684
1853
946
1947
988
1850
895
946
955
323
946
1947
237
755
1726
1787
1928
169
955
1942
1787
1715
967
949
986
946
1672
828
590
981
981
1402
59
919
311
302
1936
359
349
311
1359
720
251
179
790
1031
703
1519
1692
1397
946
1787
1424
146
1732
1347
1519
1491
302
1791
691
1431
1096
1957
1564
682
735
1947
1087
1820
1780
1380
756
1957
592
1956
1024
1504
1780
703
1491
354
358
1431
1795
1715
359
320
1954
735
311
689
1913
1342
650
1957
311
302
1696
709
668
1738
372
359
796
668
302
896
1359
1431
1414
311
1579
1732
689
984
1739
778
302
735
1789
1359
703
1959
311
1424
1720
709
756
311
1936
1394
69
1314
179
1305
1947
997
1582
1359
668
1721
311
1780
1947
780
1687
1957
1720
826
749
1574
1364
696
737
1341
782
1954
1717
1469
668
988
1704
237
1903
940
1081
1743
1843
778
866
1886
790
1889
677
658
795
1394
1459
1382
69
270
689
163
1901
1903
665
1559
711
1936
873
80
1947
954
1720
1957
859
1790
1531
1341
778
1322
323
1116
1901
1783
755
1692
598
1901
1863
954
928
647
682
1770
756
1329
1789
881
1938
66
944
1720
351
1400
1495
1341
1951
799
662
853
794
1945
1321
1765
59
1340
1698
887
778
169
302
1325
1850
1502
1947
1849
1399
930
893
881
351
1303
626
1479
1479
1789
991
223
1480
1714
991
1695
1912
758
760
862
980
953
1031
1789
958
1934
784
1789
1947
795
895
126
1864
1789
1770
780
1717
839
1353
302
1650
969
1885
667
1304
1947
934
944
1304
855
1814
1403
1799
759
1695
826
1942
323
595
1353
1466
792
1306
834
1419
1895
1662
1623
1136
873
1531
1035
947
1947
1850
1921
1320
1340
823
1754
1947
1355
1121
147
778
1924
1323
1924
1715
1947
1079
1519
577
981
1932
1813
1924
966
1878
1768
1428
903
69
926
1924
1895
1916
946
612
957
1136
68
1680
959
820
1675
995
778
765
966
1477
755
1759
1488
957
1051
1770
1327
1924
1051
1030
1430
778
146
1154
1538
1232
986
1710
1052
1720
593
1675
1904
1091
1051
1911
266
903
1665
972
959
919
981
1813
966
1924
586
966
1186
59
903
986
602
778
595
1947
613
1691
1510
798
754
308
1048
1814
1942
1448
1436
429
1002
1448
1589
1448
1448
1051
1448
620
620
69
620
620
1436
620
1436
1853
1959
1959
618
647
1850
618
1942
1959
1051
1436
1077
1436
415
1930
758
1930
1002
617
69
618
1440
620
620
1930
1436
1523
1436
1863
647
1868
797
1867
1947
181
764
618
647
1574
755
1941
1863
1016
1558
1594
1853
1002
437
437
437
1002
68
437
1850
756
618
618
618
618
618
618
760
792
1843
1067
1930
620
1843
217
775
1436
292
620
775
217
217
1567
1440
1059
1443
446
1436
1436
69
1875
406
1005
429
788
429
1661
1953
1005
1588
618
618
630
787
433
76
795
1448
217
1867
756
1436
40
795
1438
69
774
755
1436
1543
1635
1830
620
1930
1941
1941
58
1941
1436
620
1589
44
217
779
202
1448
774
406
193
204
1953
1930
1650
1442
630
647
774
1448
617
618
775
1436
754
1853
1436
406
1436
1588
756
648
1449
1564
1850
758
618
1942
755
1850
1436
1941
1929
1264
767
793
1546
72
760
1613
69
1436
1929
1440
1436
796
755
793
1526
759
760
202
647
647
1031
1850
1011
202
217
19
1857
763
1878
758
778
797
1269
1950
1950
1950
1950
1436
83
758
1253
1253
1262
1262
1253
1262
1262
1253
1950
1253
1262
181
1260
1062
620
1253
1260
1262
1296
1260
214
1253
76
1436
1253
1054
83
1262
181
1436
755
758
1253
618
68
620
437
1079
620
1950
620
647
579
83
620
1260
1436
1950
1526
647
194
1260
620
618
1436
764
233
1929
1929
1929
1929
1929
1929
1929
83
1062
1929
788
76
76
795
1929
1929
1439
1262
1436
1950
1260
76
775
437
767
1929
780
618
780
780
780
1929
1929
1929
1929
437
778
1947
1253
80
1942
1058
63
762
1940
1253
759
1031
759
759
435
620
1260
1262
1262
790
1929
758
1253
1260
1950
1436
1271
764
433
618
393
194
50
756
1959
646
1953
1260
1262
202
1436
647
647
647
1959
647
1054
647
620
780
620
1868
647
647
767
1436
1941
1449
757
221
618
40
1521
418
630
647
1260
618
618
1258
618
620
68
1436
442
620
759
1041
418
1436
418
1051
19
1018
418
752
1929
1929
1929
786
1031
780
780
790
181
1691
1930
68
418
418
1436
418
630
83
630
1436
574
1929
1611
76
1005
1448
616
1868
1959
1950
34
433
1959
437
1446
620
623
623
1537
428
1941
1544
1654
756
1950
618
618
618
1853
785
1959
42
1005
618
618
618
618
418
618
617
1941
202
790
1436
1260
406
1051
181
427
1850
778
1521
778
778
778
788
83
778
778
778
778
778
778
778
778
775
780
778
1009
793
778
778
1947
793
778
778
778
795
83
778
778
1691
1930
770
778
1588
1254
620
443
62
778
1929
1929
83
1929
458
458
1929
778
778
778
415
778
618
618
774
618
1929
453
778
181
778
1953
1953
618
68
780
647
1260
204
620
1539
1051
1051
1863
1941
1650
1950
1271
1260
1930
1260
1950
774
778
1436
68
1436
212
775
790
790
780
1278
1853
618
618
1546
618
1930
755
1868
1950
76
1868
1567
1953
618
1436
786
1840
1850
1942
1435
778
433
1436
1525
429
1930
1291
181
796
788
784
1544
1941
1567
1447
1260
1291
759
618
433
755
433
76
778
1942
1051
1436
1040
1436
1253
1959
1959
1446
1959
1436
423
1262
437
1271
1618
1436
1271
1959
1436
1036
620
1027
1436
1436
1005
1857
780
1843
1435
787
620
630
1436
618
69
618
765
616
69
1051
1940
758
796
69
69
69
69
1850
69
69
788
758
69
69
757
69
69
69
69
69
69
69
80
616
83
1440
1008
1950
1269
630
1853
647
1947
755
618
1436
1959
787
618
618
769
618
1040
1878
795
1296
1271
76
75
1269
1436
755
1853
1813
1950
1942
1942
647
1942
1942
1942
778
1942
1031
777
755
68
62
1009
9
1959
1551
66
1607
630
1959
616
630
620
1271
1850
56
795
1260
618
778
778
1436
1941
762
1950
1940
1940
1940
1940
1940
1051
1590
1940
755
1940
207
1942
1853
1436
1940
194
1864
756
423
756
1009
620
1942
755
1448
647
792
1269
181
1950
620
434
647
1544
779
1959
1298
618
83
1853
778
1640
1942
798
1296
1853
446
1635
446
1253
617
617
618
647
1531
1546
1853
788
618
760
1959
1950
181
647
1441
618
760
620
1436
454
618
793
757
50
460
1436
1436
76
1051
757
792
620
69
1436
446
66
757
437
1942
446
446
1635
780
1436
1953
231
1436
1436
618
446
757
1009
759
181
1440
752
193
618
1868
1447
1867
1436
4
760
232
181
778
202
202
756
1436
774
620
758
1448
1559
1436
202
761
202
647
212
181
755
752
647
647
406
1959
198
788
1608
1868
1857
758
1937
1529
181
1850
770
1942
1582
775
1941
1959
1539
788
1436
620
1853
1447
1868
1011
1278
1436
1950
777
1558
770
1262
1850
181
181
62
62
1857
1942
181
181
1043
68
1864
446
1051
647
786
1436
200
762
1260
1604
1941
1290
1009
1623
1853
755
1850
76
779
618
437
1018
437
76
1075
647
68
1600
1031
1950
786
1449
221
617
1435
1850
1031
1871
1941
1561
1843
69
69
778
1624
647
1863
69
1941
1436
1807
68
647
1853
434
647
778
202
618
68
760
618
1436
777
1941
1953
63
756
759
1959
647
775
618
1930
755
620
202
767
1950
1941
1959
1953
1436
758
788
779
1448
618
1567
1929
62
1435
1436
792
1005
1273
181
795
62
795
1005
1959
1942
788
76
1950
620
1878
443
443
459
774
647
1448
1930
1930
619
1930
59
756
1941
1942
1942
1878
1563
1942
1942
777
1942
1942
1942
755
618
446
446
1942
1624
66
1942
76
1031
1596
754
618
618
181
1950
1588
65
760
1441
1439
848
764
62
775
62
62
618
1930
1930
547
1005
418
756
620
647
756
620
1941
40
618
1950
1942
1942
1577
1298
1942
1942
1942
620
756
1820
1436
757
1269
1041
1269
1269
1261
1269
1269
1269
1959
618
1051
1269
69
69
1011
1853
780
1942
647
69
1269
1941
69
429
1559
429
69
69
1567
1930
759
758
1930
69
68
69
981
1959
69
69
1292
1691
68
69
69
1850
69
972
946
69
1253
1051
69
1940
972
1449
1929
1868
1929
1929
797
1946
1946
1946
1031
792
406
76
762
625
625
619
620
755
795
1654
1940
630
630
1871
1436
1940
788
194
1078
194
758
190
62
1552
1078
617
774
756
617
618
435
1950
1950
776
1941
1813
780
1953
617
764
1950
647
1831
1439
1290
620
780
1850
62
795
1436
221
755
1850
1930
437
1850
617
602
762
755
620
69
446
795
406
620
1260
778
617
76
1942
778
1260
758
1271
1443
762
774
755
782
429
756
1853
1448
428
762
181
778
756
620
647
32
782
784
1071
779
784
1016
784
1556
181
1850
755
790
784
782
453
1937
1436
1820
647
1269
647
1950
1950
1950
1950
1006
770
1950
1950
1950
59
46
1002
1556
69
760
617
1864
1942
1942
618
80
69
69
69
69
618
1940
620
620
1950
1002
1950
618
1843
1617
1559
774
1067
618
1440
1950
620
1577
630
181
1594
1850
647
790
647
76
76
69
755
76
50
619
181
181
618
1867
1941
1598
630
618
1959
618
618
618
618
618
1959
618
618
618
618
618
618
1930
756
1051
618
1946
755
1946
1946
1600
1946
1946
1946
1946
1633
1946
1946
1946
1946
765
755
1544
618
1946
618
1946
1937
790
1947
1946
765
459
1950
1547
1559
620
1941
620
618
758
758
1941
68
68
620
620
1942
1959
755
760
1078
618
618
68
618
1853
923
618
1521
618
69
1054
1953
1448
69
428
1950
59
1843
618
1864
1436
778
1448
75
788
1853
647
795
1946
1578
1950
774
1436
66
765
1631
1530
618
181
59
1580
618
1551
16
598
1435
1521
83
1929
765
204
618
620
1950
618
1080
797
620
1937
1941
763
779
1937
418
795
1959
410
1851
1959
1937
617
790
774
1941
76
1942
1630
760
1269
618
69
442
1929
181
1436
618
62
755
1526
1435
229
647
618
1865
770
774
1436
1853
66
1285
1941
1937
406
406
760
1436
799
630
1243
1067
630
1526
1559
1853
758
1843
1946
618
780
780
1635
63
1436
1543
775
799
1850
406
756
787
1942
1940
1850
1537
946
762
1448
775
1940
1850
1538
620
1011
1253
66
618
756
618
765
756
76
1436
181
758
1959
1448
756
755
1436
792
618
618
755
620
620
1058
618
1054
1950
796
1959
795
1950
775
1040
618
618
618
618
618
786
1436
181
453
799
778
647
76
1849
1930
1942
1435
758
1311
1863
1554
1269
618
775
1448
1959
83
620
1587
1597
68
1950
76
1436
59
618
778
755
1878
229
792
1843
775
756
647
999
1639
59
619
762
1623
781
775
1953
1002
618
1026
755
1864
775
788
62
181
618
778
76
618
443
793
788
647
647
756
68
758
1953
1436
1341
1622
755
181
181
181
181
181
181
181
181
181
1868
181
181
181
181
181
181
1953
181
181
181
796
181
181
181
181
1613
181
181
181
181
1537
774
181
181
181
181
1959
758
181
181
181
181
181
181
181
1942
181
181
181
181
181
181
181
181
181
1436
799
1853
181
181
1042
181
181
181
758
618
1448
774
1953
1944
618
758
1942
756
66
80
1450
181
1633
760
181
181
181
181
181
66
181
181
181
181
181
181
1051
1600
83
62
1942
181
1950
1950
1435
1937
1435
620
1950
1440
1929
1950
1959
619
1435
774
1853
1290
72
755
1853
618
618
1295
445
1813
1853
775
1258
620
181
1930
181
181
618
212
1878
620
453
620
82
181
630
181
181
758
181
181
923
1946
620
181
769
231
1843
1942
782
1941
1448
1246
1448
1868
1853
756
620
754
62
1867
1448
1853
1878
1436
1436
406
406
1603
795
1930
418
1946
409
1950
181
1587
752
1940
1843
797
83
1623
1950
1440
1959
647
181
1816
181
618
618
618
647
1864
618
618
618
618
755
618
618
618
618
618
618
1582
756
618
618
618
618
618
618
795
181
618
618
618
618
618
618
1543
618
618
618
1621
618
618
1843
618
1959
618
618
618
1853
181
618
775
618
759
618
618
618
618
618
618
618
618
618
618
762
618
618
1953
618
618
788
618
618
618
618
618
618
618
618
618
618
1051
1051
618
618
618
1850
618
618
1864
618
618
618
757
618
1838
618
618
759
618
618
618
618
618
618
618
1662
618
618
762
618
618
393
618
618
618
1051
1079
779
76
618
406
1950
1950
757
1535
618
618
761
1942
618
618
1635
1449
1941
1051
181
68
181
786
647
1051
623
1959
1436
406
1868
756
788
1558
181
957
442
1031
181
1868
181
1937
647
774
647
647
647
1850
1942
1812
181
88
777
762
1850
760
181
1950
779
1959
1269
1436
755
1940
758
795
786
1878
1853
972
756
1558
231
779
406
1271
1813
1942
780
758
1853
68
780
60
786
786
68
403
1853
756
799
1448
32
620
1269
1448
618
618
1959
753
1448
1438
1521
630
618
618
1646
618
618
618
788
618
1546
1953
63
1950
1436
756
795
1930
68
68
754
1867
760
618
618
786
202
1871
83
1959
181
66
68
1298
774
442
202
1813
1850
1502
778
1436
1436
778
66
58
62
1443
1875
620
620
1574
620
21
1843
618
618
1953
647
1436
760
618
618
618
47
1941
1930
76
1853
1959
758
618
1553
1941
1947
767
647
1929
795
1959
1929
1436
1439
793
1953
618
618
758
618
756
618
618
765
618
616
618
1843
619
620
630
1448
630
406
1448
1448
630
620
1929
618
46
1436
83
771
790
1442
618
1263
433
433
433
1946
1577
442
194
1436
76
443
923
1946
1959
1946
1959
69
69
69
792
68
68
76
69
68
69
1058
1942
618
618
1850
1436
60
1436
181
68
181
1436
1448
1850
1437
1953
1436
1953
1959
784
782
782
777
620
1448
782
782
619
797
1930
777
1436
618
782
618
752
1950
792
231
1850
790
442
83
619
618
1930
1953
68
202
415
795
1850
1538
1529
618
618
409
1587
1946
1531
792
1853
1654
628
620
767
765
76
437
957
1544
647
1959
1448
647
1863
618
1662
68
756
1864
780
181
618
217
793
217
217
1436
181
1953
217
1947
1950
756
1947
1941
758
1638
204
1959
1051
1594
52
1850
1655
618
1054
190
647
1950
1075
756
63
222
1435
1930
1849
757
773
618
1479
1448
647
1436
793
1930
788
647
194
1078
1959
776
788
618
1823
618
618
788
62
1638
758
647
433
1853
181
759
181
620
1440
1596
779
618
991
778
758
1850
1295
1940
774
406
433
1942
1543
618
1941
1959
1942
780
1436
618
616
790
1448
616
1942
1239
795
1853
1435
618
1942
68
1857
181
232
194
1550
1853
1850
1819
76
11
756
1950
1544
755
6
991
1436
1867
991
1942
1814
1959
1930
765
181
788
1930
435
1850
620
1436
68
1940
59
59
1436
618
618
618
217
790
1031
217
181
1059
181
181
217
181
1806
181
1031
777
433
448
1864
433
433
1436
618
44
756
445
1031
1635
1826
756
1871
433
1031
1002
1521
1867
1930
181
799
433
433
756
73
756
74
76
1850
76
76
618
76
1436
782
76
76
76
1436
1937
68
1942
459
1959
194
796
618
1535
618
1947
774
194
194
1878
194
1579
1253
76
778
217
217
1959
775
76
756
620
790
69
1436
69
69
1582
620
647
1545
647
758
1036
1654
780
1558
500
1436
778
618
1574
1027
68
1959
778
647
76
76
1547
1675
647
1843
778
68
790
618
59
618
647
69
785
618
1655
618
618
618
1594
1559
1950
80
1574
778
433
1953
383
1531
217
1959
1001
784
760
1929
433
1863
779
1947
616
753
756
760
406
58
66
437
647
630
620
799
783
620
59
797
1942
778
1929
1069
1850
62
1838
1929
1942
1929
1448
755
895
433
181
758
1942
618
758
1594
760
618
223
1436
69
790
795
1864
1853
780
1941
1863
1843
770
758
756
756
1942
1271
1271
1436
1850
760
618
793
1814
1448
759
1953
1065
778
62
774
792
1631
1441
1607
796
1538
12
778
1850
1940
774
1941
1950
1271
1436
647
647
1942
1853
647
415
1946
762
765
448
755
647
764
758
1813
1850
1942
69
69
788
76
69
1941
796
1011
69
68
756
763
1051
1051
1051
756
439
1051
1051
1049
423
1051
1959
1538
1269
1057
459
1864
292
618
1051
1588
1436
126
618
1031
779
618
1813
68
181
618
1051
59
181
1959
204
1853
788
618
798
754
1814
1789
1942
793
786
1450
1589
1051
393
69
55
69
1959
1850
1942
1051
1051
758
1950
406
1857
1942
69
775
433
202
1523
1930
1850
1953
1867
764
69
616
1582
1574
1850
68
756
1930
1850
1850
1589
756
630
618
1523
618
755
1950
1843
1031
786
410
1929
620
406
788
620
620
1717
647
1051
620
620
1436
69
620
775
616
428
1953
620
1031
76
787
204
453
1867
1953
756
1950
233
620
618
1543
760
224
1864
1940
617
1553
58
1039
58
1574
779
774
1272
69
1953
1942
758
58
1271
65
406
754
136
1853
1448
1942
756
778
1959
1564
1850
1940
767
790
756
1930
453
1659
618
1436
1940
1260
756
759
1930
617
758
1850
1843
1843
1051
787
1853
1843
762
1942
1942
1537
1008
1850
204
233
233
1550
233
233
233
1853
233
233
233
233
233
233
83
233
233
233
233
68
233
233
233
233
1875
233
233
1850
780
233
233
774
233
233
1942
205
233
233
1075
779
233
233
788
233
1029
792
233
233
1531
233
233
233
790
233
233
233
233
233
1942
620
233
233
83
1436
782
76
1526
1850
1941
1436
1959
972
764
1440
755
1850
765
201
620
1946
1946
1953
1059
775
1959
1853
1959
69
758
1655
68
76
786
756
76
1950
194
76
76
204
1950
1624
616
68
1940
433
76
778
778
76
76
778
76
1538
204
1441
201
1298
1953
1853
1540
1559
1853
1290
1950
76
76
1436
1953
769
76
760
1269
1871
1652
1582
764
1946
1442
209
1953
406
618
768
1953
1850
616
1856
1665
1942
415
1246
790
1059
755
780
756
1940
1850
1937
778
618
1523
798
1953
1566
1959
76
76
69
1953
1942
1953
1867
758
1959
620
1274
1843
630
1030
782
1051
755
1051
1051
1051
433
1051
1051
1051
1930
647
790
1051
755
1854
1850
618
618
618
620
756
83
647
1929
795
618
765
1959
1587
1959
1959
1959
198
1959
1959
433
1448
1011
198
647
1537
1654
620
1065
618
1929
59
1959
1959
598
756
618
181
1929
795
1929
116
620
1959
1843
1850
1447
795
795
80
790
1051
1959
1929
1624
755
68
1521
83
779
72
1863
1051
1436
1959
1930
780
758
1040
1940
1942
1878
647
788
795
788
778
1522
205
618
459
1937
62
62
1550
618
618
232
1864
62
1640
1002
1002
1448
1868
76
795
618
76
618
1624
618
1953
618
415
755
795
76
62
618
1941
1539
1650
1850
755
1942
774
1959
1643
1436
1435
62
760
1559
1639
1959
797
1853
1608
761
1929
762
194
770
1942
620
1868
1853
788
181
777
618
618
618
616
1590
758
1959
1959
1261
620
618
76
181
1558
1942
74
1942
756
795
1959
759
762
181
1078
1959
1959
1959
1959
1959
1959
647
1942
1959
616
1959
68
1959
1049
83
1959
1857
83
76
774
1563
1959
68
1959
765
1959
770
76
796
620
758
758
758
758
757
1947
1436
618
80
1941
647
1853
1853
756
1959
1040
618
1878
618
755
1853
181
233
1850
1929
618
1435
1442
1941
785
795
181
618
201
795
620
217
83
1551
59
83
1010
1051
795
1850
1290
1051
1930
795
1059
758
1051
1843
756
410
1051
1590
759
69
618
1051
1864
618
618
1953
1867
778
795
756
620
217
181
1040
1947
1942
448
647
647
647
647
647
779
770
763
784
83
779
1947
620
1558
620
620
620
620
795
1959
1436
1440
1440
1260
1950
1853
798
1959
1031
1442
212
181
760
1881
1435
647
68
1814
759
618
618
1436
778
1940
1051
767
647
69
647
1870
459
76
76
1942
797
1635
10
76
1624
1630
1596
76
753
1953
406
1051
1806
181
755
76
795
760
181
1850
1867
620
1959
1436
1436
758
756
1574
1448
758
1857
1930
1959
760
767
647
1930
446
760
1448
756
1031
776
1850
755
437
1950
1950
775
1942
1942
1031
618
1953
1440
1953
1953
1448
1031
1632
1529
181
231
1558
1950
775
647
647
796
1857
1941
202
1244
1574
618
1051
76
760
778
1285
616
451
1623
620
217
406
1944
1959
1950
1840
795
415
1944
618
1600
1843
1615
779
786
212
217
759
217
1950
775
1002
756
1851
1950
647
1850
1624
625
1953
620
756
76
1598
647
1853
76
1631
620
1814
775
83
1953
775
1959
25
1299
1850
1001
1436
406
1950
438
1959
1942
775
1002
767
618
1567
1930
619
618
1857
1959
1853
1069
1959
1959
1959
1577
647
796
760
966
756
795
762
1449
1959
1959
1959
1448
778
630
616
23
1652
595
618
1864
1878
1523
755
777
446
1443
758
1851
1608
1850
1436
1543
754
794
1466
1937
1850
1940
68
62
1271
1448
1959
83
1440
1953
1567
459
769
1953
447
620
453
620
1857
620
1531
784
76
217
1959
1959
1950
1868
1239
618
616
618
1929
1850
1675
618
1959
618
1069
1450
786
795
1077
442
780
1942
217
1051
448
181
755
758
181
780
780
1883
181
181
181
618
1814
1941
1041
1582
758
1959
778
1275
775
1959
797
1929
1691
69
136
1853
1136
1051
1942
1436
1868
778
799
797
1950
1867
1946
1946
217
620
57
1547
630
217
1436
795
788
1850
1263
1263
1298
69
774
1864
788
755
1929
406
62
647
181
1942
1241
181
1436
217
1929
1929
778
1652
431
1813
760
1662
764
618
618
1959
756
1523
1553
618
769
194
76
755
775
761
1950
618
618
774
618
69
618
68
1850
1863
69
69
1867
647
69
782
69
758
755
69
69
1878
69
69
69
778
620
1959
1959
1035
756
1556
76
947
1273
1521
1814
1298
1448
1596
647
630
1440
618
618
618
618
618
66
76
1940
68
790
630
1556
1941
1864
618
80
1947
1947
618
62
620
1942
620
774
647
1559
1436
618
620
1953
795
1068
616
62
1051
758
76
1436
620
755
1959
83
762
1857
1271
1930
1271
1271
784
1258
1239
1239
1269
1271
1273
1271
1871
777
1264
1245
795
1059
1857
756
618
1959
774
621
636
756
765
756
1559
1929
788
1633
620
616
755
1521
76
643
1550
790
76
1942
1942
643
1942
68
58
68
616
758
1864
406
1651
453
786
760
1942
68
1959
1942
753
1521
1054
1942
1942
1942
774
59
618
618
758
181
647
779
181
1942
1448
765
823
784
758
1443
59
756
1930
83
1563
1435
1930
1435
647
647
780
76
763
1959
1950
795
50
765
1269
1591
774
1630
780
76
1941
456
1942
620
620
620
75
1450
799
69
647
62
1843
62
62
42
774
136
1937
760
1264
779
1929
1067
755
647
1448
778
1436
1271
442
616
76
775
618
618
618
760
1850
1940
759
787
756
1941
760
1946
1440
1850
1523
758
765
758
1436
762
1950
1959
647
618
83
1440
68
1436
1946
1448
1058
1946
774
795
1040
1929
1929
786
1929
778
630
1942
618
1863
1436
1442
1826
1546
1530
1271
778
778
778
778
647
194
647
778
1947
756
1639
620
1947
782
618
442
758
1436
788
647
433
1440
784
756
1622
762
756
1950
1941
1121
1448
406
1942
1868
1448
756
647
1953
756
1448
793
1251
1953
1618
1537
774
1959
762
760
1930
1004
1448
1440
1051
1959
1950
1950
1008
1941
437
437
442
1853
1853
1941
1941
758
755
758
1650
756
647
1950
1950
1008
1438
1633
1266
437
1051
1242
1051
1051
1558
1051
1051
1051
1051
618
1051
181
68
1937
1051
1274
217
1959
1436
620
59
437
774
460
1448
433
433
437
437
647
620
620
433
1929
437
1250
760
1240
50
1878
1051
433
80
1448
1436
758
62
618
445
1929
647
769
616
782
1440
618
1843
754
1853
147
1448
1531
1574
1436
618
620
437
1924
1850
1959
1959
1875
1950
1924
433
1435
1942
630
620
1538
755
760
1440
618
756
758
415
1950
1946
62
1959
618
437
923
618
1543
1621
1436
1950
1850
1942
1929
620
759
618
647
1947
620
618
618
1942
618
1930
755
1263
788
454
1944
433
181
797
1051
1051
1051
1051
1448
1850
758
618
757
759
1947
775
1587
460
1662
757
1051
778
1079
1051
1051
755
1447
1600
1051
618
618
1950
62
83
647
1577
1448
620
1941
83
83
1959
756
181
1031
1031
446
755
774
1269
1850
68
83
1031
755
762
776
1959
1011
434
1008
1598
1008
1008
1940
1942
767
389
755
60
1436
756
799
1853
790
76
181
799
181
1959
433
433
1863
438
181
181
68
1959
788
438
66
756
759
1546
1519
1930
83
66
1823
774
1837
1950
1447
1937
446
435
1011
181
34
1531
1857
76
775
193
618
83
229
1953
1953
1946
210
767
446
1867
1946
756
779
647
618
1522
774
1239
1843
1271
1448
620
618
618
790
618
618
618
618
620
618
1953
618
618
618
618
618
618
577
618
618
618
1864
782
618
618
618
618
618
618
618
1959
981
618
792
966
69
1058
761
69
618
415
415
618
618
83
1939
799
1002
415
1847
1946
1924
1924
1924
1924
1941
83
83
1051
1942
785
618
618
1904
83
1558
788
406
406
778
1941
966
1428
1850
620
1435
1924
62
1243
620
1853
1895
647
770
406
1916
775
181
181
1959
1942
781
1436
374
1942
946
793
1031
1440
69
1546
193
759
756
758
957
1850
618
1853
647
1544
760
75
1136
1857
1950
1849
780
1950
1597
1847
1436
796
795
793
796
793
1078
1823
76
83
83
1843
62
76
795
76
1853
1436
406
959
1624
618
795
620
1655
618
1635
1539
1959
1553
1930
1271
790
630
1649
1853
620
790
790
1600
1853
617
618
758
1857
1449
1580
1559
83
618
76
1850
1067
1853
1814
415
620
428
1640
1959
1843
69
620
1523
618
618
1054
1436
618
618
1023
618
618
1853
618
618
755
618
618
618
1853
618
618
618
756
1853
758
756
758
1635
1871
625
1521
758
619
73
784
193
76
76
52
217
1942
1942
1539
406
217
1551
1946
797
1946
76
764
217
1535
774
1959
1878
83
618
618
767
618
618
618
1871
618
1942
756
181
1017
76
1942
774
1853
76
820
1929
1942
1929
1853
778
1823
1942
618
1592
1942
1675
618
618
1443
59
618
1853
795
1853
1929
1574
1574
68
1850
1942
1878
758
618
618
784
1051
789
181
181
64
753
1436
58
1278
1269
1442
618
76
775
1929
1940
1942
1069
1436
755
758
1950
1953
1079
1941
76
1959
406
1853
72
83
799
210
393
406
774
1031
1946
1850
793
76
1953
620
1631
799
1436
774
1665
618
1436
1942
756
995
966
1820
755
620
618
1942
1942
618
618
616
756
618
1942
1051
1448
1448
1047
52
1051
1953
1477
1864
231
1940
758
1950
779
618
1662
623
68
620
1436
793
1853
1853
1436
1942
1271
780
1271
618
618
1942
1942
1853
1942
1942
1950
1436
1558
1850
1058
1867
1878
618
618
765
181
618
1929
181
617
1011
1850
1871
1436
1850
1850
1436
1850
1850
1079
1857
1929
755
1941
181
1850
76
1957
1950
778
758
1959
1959
1825
181
620
620
1930
1950
1930
620
647
774
760
620
1448
1448
782
76
618
620
1017
756
1488
616
1543
760
799
1553
799
217
778
1575
69
755
1942
69
756
69
779
1436
1853
778
778
630
69
630
69
1850
755
630
779
1436
1620
1588
778
618
618
217
1448
1850
957
793
762
1942
1942
1567
1298
1271
1552
1298
647
1853
1941
1017
1929
1850
1953
83
1436
618
212
1871
1940
784
778
647
32
780
774
76
779
788
782
792
760
1597
212
799
76
198
1011
1942
1942
76
1941
1436
782
757
181
618
618
1853
618
618
76
1941
755
768
1285
1950
1036
1250
1953
76
76
777
796
618
786
1953
1008
762
1929
1601
1948
1929
1876
181
1624
1436
217
1942
217
1262
1271
1950
443
1953
428
1540
760
1559
1853
618
1436
1853
618
1953
1655
1582
76
618
1871
1436
1448
1941
1930
1031
201
1144
1555
437
1069
1950
790
1924
1632
68
68
1953
68
68
1953
647
1942
1850
1051
1942
1953
1953
1950
1030
1930
1436
756
758
1260
434
755
181
1850
1850
618
144
756
1853
1946
212
765
1435
779
1436
1940
1018
760
1154
217
60
1436
1941
1008
1008
647
1439
1275
1065
68
1850
59
198
756
788
1011
1853
1953
1959
1959
1941
782
1269
1624
755
443
1436
1863
457
1040
76
1033
1051
1232
618
1436
618
1450
181
1522
1930
1550
433
433
1950
231
1950
1940
76
1442
1027
1436
438
231
1448
116
1950
1875
438
221
438
1946
1067
1033
1941
790
620
76
1662
1011
446
1544
647
789
1850
1559
438
434
758
1051
1850
762
1942
438
618
181
776
1942
756
762
1853
1942
1942
795
1940
1059
83
758
438
618
795
1439
1271
1953
1942
181
1942
1439
1269
618
618
83
83
647
1959
1959
1959
618
618
618
618
618
618
618
618
618
755
618
618
618
618
618
618
618
618
618
618
618
618
618
618
618
617
1441
1436
618
618
618
1942
1031
1942
618
231
1008
1051
1436
1438
59
59
647
1868
618
1051
1850
986
774
1059
1871
1930
69
760
1853
778
1853
1950
428
1942
1942
1942
1942
1942
1942
1942
762
763
1942
1047
1600
1005
1005
1942
1942
779
1942
1436
618
1850
74
194
1558
42
1435
759
76
762
630
756
618
1953
1870
1522
782
1831
765
753
618
217
1271
770
620
618
618
762
1529
620
760
1942
1942
1942
1942
1942
1942
1051
1942
1047
1942
1942
795
83
1942
1031
1942
1942
69
1942
1942
1632
1047
1929
1942
759
778
778
1942
1942
406
1047
1942
1942
223
1942
1587
1942
1942
42
1588
1285
1942
616
1942
1027
1031
1942
758
620
1031
1436
1959
778
1639
779
788
647
1079
923
759
756
1843
1942
760
1942
1436
620
442
765
1942
1531
1271
1850
1950
1813
1715
593
1850
1850
1436
1942
1942
1959
1942
1442
1436
1942
1929
433
1878
775
775
1047
1436
1031
1863
1002
1577
1929
1863
76
1959
1031
778
1942
760
1942
1547
618
618
777
1878
1436
756
1843
1442
771
776
618
1638
68
756
618
618
618
1531
1535
1953
428
1531
1301
758
784
1298
1864
1941
1002
1942
1843
1675
1269
1953
1448
756
756
1807
1285
1448
1054
76
1023
62
775
1285
76
69
647
618
618
1274
1069
1009
1853
1942
778
1850
1814
1436
618
1600
82
1937
76
1850
69
758
755
59
1436
775
764
76
755
406
406
778
1618
1941
1652
1888
760
756
795
756
647
1947
770
1553
10
761
76
752
1436
774
1091
1863
758
1853
1521
1813
435
792
435
435
1011
435
790
1559
435
435
1011
435
1011
782
435
435
1946
1011
435
1031
758
1011
435
435
72
435
1946
435
1011
1011
1011
1618
435
1941
66
435
435
435
1850
1011
435
435
1011
1843
753
435
435
435
765
1814
1031
435
1946
1567
453
758
1011
1946
435
435
1953
83
618
435
435
1946
1946
1942
647
1959
435
774
617
769
1436
435
755
435
779
1941
1883
756
435
1011
1051
435
435
1871
76
1946
756
1005
1946
765
756
767
435
1942
1027
1448
406
435
1597
431
1011
1011
647
1950
406
618
188
762
188
620
420
1941
435
66
618
406
1272
618
1272
1272
59
1023
1946
1942
1823
181
647
769
618
1436
435
630
799
1436
194
194
1040
1607
775
83
83
755
435
1437
429
442
1685
1011
1011
1946
618
647
435
1591
1911
1440
1008
1942
435
1941
790
1031
618
1867
1864
620
1953
1942
759
1953
1953
1857
453
1953
1558
779
229
185
1853
1929
778
1436
755
76
1011
68
1567
68
68
1853
768
1929
760
618
1523
76
762
630
788
762
68
83
1047
1946
1942
618
620
620
620
620
620
1871
620
620
620
620
620
620
620
620
1853
620
620
1559
620
620
620
620
620
758
1597
620
620
780
620
620
620
620
620
620
620
769
647
620
620
620
620
620
620
778
620
620
778
620
620
620
620
620
1651
620
620
620
620
620
1831
620
620
620
620
759
620
620
765
620
620
620
620
620
620
620
755
620
620
620
1691
620
620
620
620
620
620
620
1041
620
620
1040
620
620
756
620
620
620
620
620
620
620
1054
620
620
620
1688
620
1864
620
620
1942
620
620
1559
620
620
620
755
620
620
755
620
620
620
620
792
620
620
1051
620
758
620
620
1850
620
83
620
630
620
756
620
620
620
620
620
620
620
620
620
765
620
1440
620
235
620
1553
620
620
620
774
620
759
620
620
620
620
620
765
433
433
620
774
620
620
620
782
1051
620
620
760
620
780
620
755
69
620
1950
620
1942
620
1011
1853
620
620
620
620
618
1651
620
1531
1546
1574
620
1618
620
68
620
620
620
62
620
620
1942
620
620
620
620
620
760
68
618
620
1950
1635
620
620
620
620
620
620
620
1953
1575
1531
620
620
620
62
266
620
74
620
620
620
620
790
1031
446
620
620
620
1031
1942
620
620
1436
758
1941
435
435
1953
797
1930
68
435
435
620
620
758
435
620
76
618
780
756
620
620
1531
755
212
620
778
765
204
620
647
620
620
1002
83
1054
83
630
1561
83
83
1871
76
620
620
76
755
770
1942
792
1011
83
620
620
760
758
437
83
620
446
68
1867
1937
620
647
1853
755
620
620
1436
620
69
780
620
620
1942
790
1440
620
1436
620
1523
1863
1939
630
1946
1011
1814
620
620
1843
1269
1853
620
755
10
1531
618
1823
775
620
1937
66
760
620
1436
1551
1553
620
1946
1436
76
76
620
83
83
790
1871
620
1950
620
620
1867
1435
779
898
1553
620
1950
211
1001
762
1950
181
402
790
620
1950
620
1031
1436
1953
1946
903
761
755
620
68
1864
620
1850
1950
618
620
620
620
1436
83
435
620
1051
780
1436
83
443
83
83
83
83
83
1579
647
799
1435
647
1025
83
83
1051
620
619
83
83
1558
443
1436
1868
181
1850
1438
68
1853
83
83
232
1582
770
647
620
1942
798
1942
620
69
616
759
1942
620
620
620
435
1857
620
1587
1561
1435
83
62
1849
618
1441
1843
1613
55
1624
1624
68
756
1635
1553
1649
1853
618
1579
755
618
774
774
755
83
68
83
83
1067
83
1959
17
83
83
620
620
212
83
1023
1850
1853
755
620
620
620
1600
620
618
181
1853
1440
620
620
620
766
620
620
767
620
620
784
1942
1942
618
756
1942
415
1942
1448
1959
1291
1260
755
757
1440
1871
1953
756
774
1853
620
1942
435
1823
1942
1942
1526
618
1929
618
1941
437
1929
1853
1436
406
784
1950
1941
758
1051
1941
782
775
80
618
202
201
68
1942
778
66
1031
1031
1031
1031
620
1942
83
83
437
1031
1031
1031
1031
793
1031
1031
1031
755
1942
428
1031
433
437
1440
437
1929
1031
437
1665
63
437
1031
780
1031
1820
1031
442
1942
433
437
1031
72
437
1031
1031
1942
760
1942
437
442
1941
1031
1942
618
618
433
1946
1031
767
1530
1662
1436
1622
435
793
217
433
1436
780
618
204
1069
1054
618
1867
1622
1937
1031
765
76
1618
1031
1436
1850
1853
76
437
1929
782
437
1842
1942
1069
1069
1436
1440
620
1843
620
618
778
620
1942
618
618
780
618
618
788
618
618
760
618
758
774
618
1950
778
782
433
1007
1950
618
756
618
756
68
1953
620
799
1950
767
620
755
779
779
1941
437
1950
437
784
647
83
68
755
1588
1826
437
618
1850
778
778
790
618
1031
618
755
618
1577
435
435
435
758
435
620
760
437
1623
1953
1941
1531
433
212
620
620
617
775
1271
782
1941
418
1942
620
1941
1942
620
433
755
181
755
1853
617
513
972
1028
647
435
620
620
959
755
620
762
780
1953
1942
1942
181
433
618
1953
757
760
647
620
1853
1950
919
620
1850
1930
1843
193
618
1045
618
1950
1062
437
620
32
32
620
428
428
774
435
1436
1441
618
1436
618
1298
1944
1853
1940
531
1959
1435
620
1031
1929
1850
1940
1031
1850
83
785
785
1953
647
435
76
1843
60
620
620
1275
618
1598
620
1850
618
62
618
782
1930
620
406
648
1941
1942
618
1040
775
1436
618
1868
618
616
618
618
618
618
1051
618
618
1942
224
620
1539
1031
1009
1942
1269
1942
618
1959
1449
758
620
1450
1067
1942
1643
1622
760
1850
758
618
620
620
181
42
226
1553
1522
762
83
758
1959
50
778
760
1953
1448
1959
1450
620
620
620
1959
620
620
620
620
69
620
620
795
620
620
620
620
1269
755
437
435
1950
435
435
435
755
1942
1942
1942
1942
1942
1942
59
756
1942
1942
1942
1942
1942
1942
1558
1942
1942
68
1031
1942
1059
1868
1942
1069
1436
1850
760
620
435
1942
618
618
618
618
618
1942
778
778
767
1942
618
618
618
618
1654
618
779
618
618
618
1871
788
618
618
618
618
1691
618
618
760
1942
1568
1005
1953
765
1530
435
1942
1436
1942
1942
1942
1942
1596
1942
1047
1942
1031
1942
1942
1942
758
1942
1942
1942
83
1435
1942
69
1942
1942
1942
1942
756
1941
767
223
223
204
204
211
196
204
435
755
1847
204
1930
223
1942
1942
1062
756
223
1959
181
1942
1813
767
1947
181
1644
76
1531
1546
1942
1531
1843
1947
1942
194
415
1942
758
618
1853
1942
598
83
1942
1051
1942
1942
795
1047
618
618
618
760
1953
1942
1526
755
50
1878
1850
618
1843
1942
1867
618
1940
1941
1941
1941
762
618
1950
1946
764
1600
1930
217
618
762
794
1271
1299
1448
758
1930
1807
1054
620
1850
437
68
69
181
181
1069
1064
1850
1814
1600
618
1853
1878
1436
59
756
1435
1618
217
647
76
770
755
1946
1011
758
1946
62
68
1011
1820
647
619
792
790
1558
767
1436
1448
1436
1640
62
782
1436
76
1436
617
1853
1959
758
1953
72
76
775
1632
1632
768
630
619
1655
1069
1435
1011
1942
799
1446
83
1843
1448
1814
1436
1011
758
1950
619
647
1443
181
618
1271
1942
1007
181
181
1863
1566
1942
1942
1871
1436
1051
68
1959
1955
217
204
1948
1955
630
760
768
625
630
616
1051
618
775
442
1959
1271
1871
1275
1275
1275
1275
1574
1275
1269
1275
1275
754
1806
1275
1275
1271
758
758
1271
618
1853
434
76
1589
76
181
1823
788
1275
1275
1813
618
1275
1269
790
1040
83
1617
755
1271
76
1868
758
778
1269
1883
1448
620
1435
1269
1436
1950
1853
68
393
1011
618
402
1644
1278
1439
1036
1871
1940
1243
1559
768
1275
1941
1253
757
1600
620
1588
618
755
620
1269
181
766
1608
1946
76
778
788
618
620
618
966
76
433
1850
647
212
758
437
1271
68
1436
760
755
1600
1436
1597
1559
620
1940
620
1942
437
1942
76
758
618
795
620
618
620
1002
618
1953
1448
630
630
618
1436
1651
1950
1940
620
1831
1436
616
193
765
1436
1959
1959
647
1950
755
1950
620
618
618
181
1946
1027
1944
774
755
32
1436
618
618
1003
1941
618
1942
1526
775
755
1436
1526
788
76
1051
1850
181
1588
618
620
76
181
1950
620
756
1031
765
774
34
1930
795
1448
1953
774
1002
618
1298
765
181
1843
65
620
618
782
212
760
1031
618
616
1853
620
1436
217
1651
1062
1546
1632
76
76
456
62
1942
217
1631
1448
1005
1946
1448
193
620
62
785
758
1011
217
1546
1531
1531
1546
753
1031
62
74
1940
1615
1940
790
76
775
181
647
1871
76
76
774
76
767
76
647
618
62
68
630
222
1002
34
406
757
1950
795
795
756
770
647
620
647
181
1853
981
1054
1269
1545
1556
1850
756
620
1942
1853
1953
792
755
1564
767
1950
1853
630
946
69
69
788
799
780
1942
620
1944
68
1563
1819
1942
1840
1291
769
1621
618
1940
1651
66
760
1564
1047
1244
406
1435
778
966
790
1864
630
1436
1436
1853
1436
1436
1436
1942
1553
758
1944
1436
83
1436
1031
1436
433
784
1437
1031
1031
1930
755
616
62
1850
406
181
1031
83
616
1950
787
780
780
1930
780
1946
793
1262
1262
1924
1946
756
780
1946
1946
1271
1011
1011
1937
1946
1946
1448
1867
787
620
1853
194
1262
1940
448
757
448
448
448
448
1269
441
76
76
1946
618
618
441
1950
1530
1529
1436
1940
1843
1950
1613
618
69
76
1436
763
618
755
1011
774
68
618
448
1435
1950
445
1008
630
1436
586
1853
618
775
1558
1942
1558
618
1436
1436
620
763
1942
765
83
59
1853
76
618
1436
1853
1604
1262
756
1953
966
212
1950
798
1031
618
434
1953
1112
765
758
23
68
68
406
1950
1526
762
792
1031
44
1941
1002
1853
784
616
76
618
782
647
616
616
1942
406
616
616
618
83
1582
616
755
1186
616
616
630
616
616
1051
788
755
616
1296
616
1853
755
616
616
616
616
616
616
428
1946
780
903
1942
758
752
83
782
1441
1940
66
1941
406
76
83
620
76
76
1953
202
76
76
76
76
76
76
181
1617
1646
438
616
618
764
618
1941
618
618
618
1942
616
616
76
1622
1031
1854
1937
1618
76
1850
76
1018
1016
1843
76
12
442
616
1849
76
1251
1843
759
618
1930
636
616
1959
1942
788
760
986
687
76
755
1930
1950
762
1940
780
76
602
1008
9
1436
83
620
620
1959
1002
618
755
788
448
448
1440
1594
1002
595
594
598
594
598
1850
605
606
613
608
598
598
613
603
598
606
613
598
605
601
1031
1942
598
613
613
600
585
601
601
595
611
1043
1937
1051
592
605
757
592
580
601
595
613
613
605
606
595
580
595
428
1067
598
613
755
606
595
1837
613
756
605
598
605
605
598
613
1942
83
83
605
592
595
1600
595
1589
598
83
599
613
598
1002
613
606
767
758
613
595
1054
598
605
1438
613
1959
606
1448
1937
437
445
598
605
1942
1864
1598
1598
600
1878
598
1440
598
595
618
598
598
758
598
1436
83
756
606
774
1947
613
613
613
606
1853
1271
1009
194
774
595
620
44
1031
1942
1539
1837
1929
788
193
574
598
1853
598
600
595
758
83
1959
599
1031
217
613
1850
1448
1031
756
613
601
1553
1553
613
1299
760
613
608
1587
1864
606
438
1942
589
618
618
1863
1662
619
618
790
618
69
595
1940
1436
1942
605
1009
1942
1047
202
202
793
1942
647
755
181
618
585
756
790
1440
204
618
1850
1559
647
68
1953
778
1436
1850
613
437
620
756
613
1942
1930
778
1654
406
606
1436
1691
613
599
756
1568
778
1530
595
9
779
585
1853
1526
1577
618
548
1031
1031
769
202
775
1942
767
1555
1438
620
1946
1440
595
1850
613
589
459
1942
1436
437
1853
1850
595
755
756
1959
630
630
762
613
946
1942
1047
1559
775
1647
1930
765
620
1436
1843
202
1523
76
1950
25
774
83
1941
1510
62
446
1942
755
202
1051
758
202
778
437
617
1959
759
62
1254
1059
613
1436
1552
1941
1449
1559
611
451
446
1930
1930
1942
1069
1864
181
758
1857
1631
767
630
595
630
217
181
1444
1075
758
598
1940
758
618
1271
580
595
1439
181
613
620
1439
1953
198
1623
1448
68
1941
1244
613
62
1942
777
605
770
1946
613
595
768
136
775
1069
616
790
600
1271
547
1436
647
1863
618
618
618
618
618
618
1523
618
618
618
618
618
618
618
1959
181
1941
413
760
768
599
788
59
1959
1853
1959
433
433
1853
1538
754
1838
758
433
1547
433
788
1814
1272
547
1651
1275
756
618
1051
1051
1535
613
613
181
181
1034
181
1853
765
618
308
1659
1036
1002
1940
768
1436
618
1436
592
1005
1623
754
1608
1864
1940
68
1631
774
1631
52
618
1014
774
1631
1623
1009
76
788
757
1819
774
1631
1631
601
601
1011
774
620
1631
1051
1051
1953
445
202
1436
76
76
76
61
756
76
76
68
1864
780
76
76
76
1827
68
76
76
1051
76
1051
76
68
68
1950
62
76
68
76
795
76
76
758
758
76
76
68
68
756
76
68
68
779
780
76
1820
68
613
76
76
76
76
76
1051
1051
1942
68
76
76
1011
76
76
76
76
796
1850
76
68
617
76
1631
1631
1051
1631
1031
605
1942
1631
76
406
83
406
406
406
61
756
1632
406
767
406
620
620
76
406
406
1047
1011
76
1436
1850
598
217
756
1953
217
76
1269
1946
76
1436
799
795
613
1579
68
425
775
76
1436
68
406
1853
774
1031
1649
68
76
1942
601
1450
1853
1843
1946
1946
1443
1448
1946
1942
63
1946
68
1946
68
758
761
68
1950
787
1853
1448
1437
619
1942
68
613
1940
1564
1953
68
68
618
445
799
76
1867
592
1295
68
758
1047
46
1005
618
437
1047
1436
460
1051
774
406
46
756
423
1878
1942
1941
1074
795
83
613
1868
418
76
1950
1929
613
1530
1941
68
1448
1838
1942
1942
1436
647
1448
1448
1448
1526
620
212
76
620
231
1065
76
1244
76
1940
1031
1937
136
1940
1940
1940
1940
754
1940
1000
1017
1017
1840
1000
1853
647
460
418
1008
442
433
1942
82
76
1940
1826
1940
1047
1864
443
1530
40
1436
1436
1871
1436
1436
756
1436
1436
1436
1436
76
1436
1436
1436
1436
1436
757
1074
1950
1436
1436
1436
1436
74
1436
1436
1813
1436
1436
1942
763
613
1436
1942
1436
1545
758
1047
1853
580
1436
1863
758
1942
1436
1436
232
1031
1947
1051
1013
1436
1047
1531
788
1047
1946
1436
1819
1436
1436
757
1436
1950
1691
1436
1436
1436
1436
1436
74
1436
1436
1436
758
1937
1436
795
1436
1436
1436
620
1436
1436
1436
774
1850
1940
1436
1436
1950
762
618
1436
1448
426
76
437
618
1655
767
1436
595
437
83
555
1864
217
620
620
620
756
1646
1646
76
1441
764
222
758
1047
446
613
1005
1597
442
1436
620
620
76
1850
1941
618
1953
406
1000
437
1010
1959
1950
1435
202
68
618
1537
618
76
1853
76
76
76
1548
76
383
76
1436
778
1944
1944
758
1250
1850
1298
1250
1000
1944
1298
1853
1250
1250
795
1941
68
1944
767
1944
1250
1590
1878
618
1054
618
446
1944
1953
1436
1944
775
756
1250
630
1574
1031
630
1047
68
3
1838
1448
1048
1937
442
1939
76
442
76
775
54
647
1436
68
68
1953
1005
224
68
59
762
68
770
1942
618
439
779
1559
630
1853
767
630
1069
1959
1959
1023
1937
618
618
630
1587
1620
1853
1436
1031
618
620
625
76
1654
618
1942
618
181
181
793
758
181
1440
793
774
1250
619
1047
1618
1295
1853
606
1940
1435
83
1250
83
755
780
1047
1850
790
1436
1451
618
598
181
68
1569
647
83
1942
1863
780
784
756
1448
76
1436
589
1538
1047
1047
764
775
760
32
43
443
594
777
1853
194
790
1436
1823
1940
1940
1940
1940
1940
774
1940
1940
1940
1959
1940
1940
1940
1940
1590
1940
1940
1940
1940
1940
1940
1940
778
1940
1940
1940
1940
1940
1940
1942
1940
1940
1940
1940
1940
1940
1853
1940
1940
1047
790
767
778
76
795
1940
1940
1244
1940
1441
1940
1940
1853
1878
1940
25
1940
454
460
758
1942
1942
1940
1940
756
1940
1523
616
774
760
763
1435
774
1940
788
76
231
1655
618
1941
618
68
1940
68
1031
1959
1040
1069
1651
767
1950
1959
1950
1950
1950
1950
1950
1953
1950
1950
1950
1940
1950
1950
1449
1950
1950
69
1950
1959
1950
1950
1950
755
758
1950
1950
1950
1950
1950
761
755
1950
1950
767
786
1950
181
181
181
1853
1850
1940
1950
1646
181
1950
181
755
1950
1950
1950
1950
759
1950
1950
1950
1950
1950
1950
393
1950
1856
1950
1950
1950
763
1950
1950
1950
1959
217
1950
1950
1950
1950
74
779
1950
1950
1950
1950
1950
442
1959
1930
1853
231
780
1853
1531
758
1940
1930
1930
1051
778
1618
1051
1051
181
1930
1930
756
1051
68
1049
68
68
768
767
1950
1950
1950
1950
406
789
1950
1950
1850
1950
1950
1950
1950
1950
1950
1014
1950
795
1441
1950
1440
68
1950
1440
1950
1853
1950
1950
1950
1843
1819
1950
68
1940
1940
446
1942
1523
1950
76
1950
1051
1577
1051
80
1051
755
1950
1856
69
1442
780
618
759
1853
618
756
1940
1959
618
1950
1591
758
766
1950
618
618
756
62
793
1051
1950
1047
774
756
1002
758
69
1959
1950
1950
1950
756
1950
1950
618
1622
620
1940
756
1435
1942
1950
83
1942
756
1436
1950
1953
1031
1047
1631
1950
1436
1878
1950
1613
1620
779
647
217
1008
756
790
1436
1950
618
406
1941
619
1941
1638
62
181
181
181
181
181
1526
1545
181
1942
1031
756
1436
788
1051
763
618
767
1436
406
600
760
1942
774
618
1950
618
775
617
799
758
181
181
181
181
181
756
181
795
1450
620
618
618
618
618
618
618
618
1051
1436
754
1946
1953
1008
1946
1946
1953
76
1946
595
790
1580
1940
755
779
779
1864
1941
1285
616
1027
1959
630
1008
616
76
1950
212
1069
1950
1047
59
618
1004
754
1002
755
1436
1448
59
1940
1285
1436
1436
1950
761
1436
59
61
625
1853
618
758
1435
217
1850
618
774
1853
1940
217
1272
1953
756
1941
1950
1950
1436
755
763
1074
1940
1944
74
1959
193
760
1436
1950
618
763
1878
757
442
1539
756
760
1436
762
1864
1051
1244
442
1950
1950
788
1940
1819
1436
1436
1008
1940
1005
74
618
630
647
76
76
618
54
756
181
616
76
76
434
1250
76
616
1940
442
1436
620
1005
446
620
1436
1059
406
1436
758
618
1823
1940
76
1441
443
1529
76
1950
76
76
76
1940
799
1953
442
76
1271
1299
775
1942
1569
1929
1597
59
1950
1940
1548
1875
212
212
212
784
758
1436
1850
459
451
1853
1436
630
756
1008
1054
1940
1436
756
1436
76
774
1448
1436
217
76
1930
1078
181
1941
437
76
1959
1942
1950
1953
1950
76
181
618
65
79
775
76
1436
181
1448
755
756
442
212
212
1959
618
618
83
630
618
618
1436
1436
437
1659
762
1654
1124
1647
1654
1620
782
1620
393
1545
1929
793
1868
787
1620
406
1031
767
1959
613
76
780
1940
518
775
758
1929
46
76
62
62
83
1812
796
393
1858
1940
1940
1864
777
1850
1047
76
1823
760
769
10
1244
76
76
1959
1590
1590
1254
1853
1448
1250
774
778
76
76
76
602
1271
1436
1950
1950
1436
757
1853
787
1853
1436
428
618
406
76
1054
788
1959
763
763
763
1078
763
763
756
763
763
763
1959
758
763
763
763
763
62
1959
1959
763
1031
1853
1959
763
763
1871
763
1959
1959
1040
1051
790
1959
1959
1959
763
763
767
1959
763
1959
410
763
763
762
757
1959
1953
212
1856
616
763
406
763
774
1685
763
1959
69
1940
1040
598
761
756
1850
1843
1850
1436
1483
1806
786
437
1436
767
763
759
616
1047
758
231
181
76
620
1856
1930
1959
1959
763
1959
1959
416
1031
779
630
221
1959
790
1959
1959
618
780
758
618
1613
763
1942
217
136
763
757
647
1864
1959
212
1953
758
415
1959
1587
76
396
1878
1940
1940
618
788
383
76
1940
383
383
1959
50
191
399
1448
1448
1823
756
1942
792
1864
1271
620
1291
1580
1942
292
58
759
767
1819
68
68
1577
1853
758
1853
1959
1011
1959
62
1953
418
618
792
779
58
1250
1941
1291
1266
1959
1959
1620
756
54
10
1051
1436
1942
1953
765
1448
1941
779
193
1942
762
618
1850
1435
1435
1436
212
212
1959
1539
1526
1942
763
647
752
1440
775
1930
767
1940
618
790
1007
68
620
765
446
76
1271
1438
1444
1438
1577
780
1438
1444
1443
1444
630
755
1080
1953
1250
756
784
776
1027
437
1438
1269
1959
767
618
1944
443
1522
1069
59
617
1244
1944
1942
759
59
1940
68
756
1940
76
59
1589
758
618
1950
1436
1953
771
758
406
76
768
756
755
1959
59
778
1436
1450
1950
1853
778
1853
647
760
1959
1942
1942
1941
1850
758
1942
1942
1942
1942
760
755
1942
1942
1942
758
1942
1942
1942
1942
1942
1942
1942
780
1942
778
1942
1942
1942
1942
1436
790
1942
1942
1942
1942
1942
1942
620
1942
1018
1942
754
1942
764
1942
76
1942
1953
76
1942
1624
1942
1942
1271
1942
181
1942
758
1942
1940
1843
790
1942
1942
62
1942
1955
459
1942
1850
1942
763
780
758
758
1940
618
59
76
433
798
609
1878
1588
62
778
618
618
618
618
618
1850
618
618
618
618
758
618
618
618
618
618
1850
758
1864
618
1953
618
618
618
1871
763
618
618
618
618
620
1271
783
62
1051
769
1850
1940
618
62
77
1942
778
647
778
756
1959
790
76
789
83
438
1011
62
788
760
618
762
618
76
618
618
1940
777
231
1436
755
788
755
1853
1959
620
1950
68
1942
757
756
68
647
1942
1950
1823
229
620
620
1868
1946
762
1942
618
1868
760
1959
647
1440
1853
1436
194
1608
1535
620
1942
760
1942
1942
76
1942
758
1942
1878
774
787
1054
756
787
433
1078
202
1546
443
795
1278
406
406
406
1942
758
794
76
1867
775
1942
765
1942
618
1953
1942
1850
1631
1930
1051
1942
1031
782
630
618
618
1436
760
753
788
793
1250
774
1685
620
1942
620
1853
1850
787
1523
786
442
1047
1942
1563
1850
1942
1047
647
779
1864
618
775
1864
1953
618
618
1853
618
1853
618
1000
618
790
76
754
438
763
1047
1942
1930
1868
1047
1436
68
1942
1942
1942
1942
1942
616
1942
788
1436
1942
446
1959
1436
1864
415
415
415
415
415
415
415
415
1000
1600
1950
1853
1940
1940
1008
1436
779
198
615
76
1440
1959
620
204
618
1942
620
56
437
616
1942
1436
1850
181
1948
415
775
775
775
775
775
775
775
775
775
618
775
618
181
181
1436
775
775
775
775
775
763
618
1580
780
618
775
775
775
755
775
1439
181
1959
1959
1564
775
1442
415
768
1008
760
756
630
1959
1436
59
1940
1942
1942
774
1941
755
761
76
415
1436
76
212
780
1448
585
1440
1950
790
1950
1946
434
1269
1946
647
1624
406
754
1624
437
1940
181
181
1624
775
774
446
1940
799
618
62
780
618
786
758
1448
1942
1559
62
778
1275
1031
1950
1850
76
194
62
784
1853
1440
1850
783
62
1946
76
780
62
1946
1946
1959
76
1946
62
774
1850
451
181
755
618
415
1950
1950
1950
1950
1950
1950
1950
1950
1864
1950
760
619
618
1608
1535
760
1950
758
217
647
1059
54
50
1953
1953
618
76
765
1953
1631
76
38
797
1443
181
76
76
788
415
181
181
1436
1944
442
76
76
1521
59
76
1563
76
1436
1853
618
618
1959
618
618
1941
619
618
618
1940
1940
616
618
1940
1930
1930
618
619
1940
1930
1930
1930
1940
618
619
1940
618
618
618
618
618
618
619
618
618
618
618
618
619
1930
618
616
616
616
618
1930
618
1940
618
618
618
618
1941
618
1941
618
618
619
1940
618
1930
618
618
618
618
1930
618
616
618
618
1930
616
618
618
618
619
618
618
1940
619
619
1930
618
618
1940
618
1940
618
1940
1941
1930
618
618
618
1940
618
1940
1930
1941
1940
618
618
1941
618
619
1930
1930
618
1930
1940
1930
618
1940
618
619
618
616
1940
619
618
618
618
1940
1940
618
618
618
1930
756
795
756
618
618
1940
618
1930
618
1940
619
619
1941
618
619
1941
618
618
618
1940
618
1930
1930
1940
616
619
1940
618
1930
1930
618
1930
618
618
1930
618
1930
1930
1930
1940
616
1930
1930
618
618
619
618
1941
1930
616
618
618
1930
618
1930
618
619
1930
618
1940
618
1940
1940
775
1930
775
1940
1940
618
1940
619
618
618
618
1940
1930
1930
616
1930
1941
1930
1930
618
616
1930
1940
1930
1940
1930
618
1940
618
618
1930
1930
618
618
1930
1930
1940
1940
1941
1940
618
1941
618
619
1940
618
619
619
619
618
1940
1940
1930
618
1941
616
618
1930
1930
1930
1930
1940
616
1941
1940
618
1930
618
1930
1930
1940
1930
618
1930
619
618
619
1940
618
1940
1940
1940
618
1930
779
618
1930
1941
1930
618
1930
618
618
1930
1930
1940
618
1940
618
618
1940
1941
755
778
618
1930
618
1930
618
1940
619
1930
618
616
1930
1941
1941
616
1930
616
618
618
1930
619
1940
618
1930
1930
618
618
618
618
1930
619
618
1930
618
1930
1940
1930
1930
618
618
618
618
618
618
618
1930
618
1930
618
1940
1930
1940
1940
618
616
1930
1930
619
618
1940
619
1940
618
1941
1941
618
1941
618
1930
618
618
618
618
1940
618
618
1941
616
1940
618
1940
618
619
618
1940
1940
619
1959
618
619
619
618
1940
1940
616
618
616
1940
618
618
1940
1941
618
618
1940
1941
618
618
618
1930
618
1959
765
1959
618
616
1930
616
1930
616
616
618
618
1930
1930
1930
618
618
618
618
619
1940
618
1959
618
1930
1930
1930
1930
1930
618
616
618
618
618
618
618
775
1930
1930
775
618
616
1930
618
1940
618
1940
619
619
618
1930
1930
618
619
618
618
1450
1930
618
619
1930
1930
1940
618
619
619
616
619
1930
1930
1930
1941
1930
1930
1930
1930
618
1930
1930
619
1941
618
762
1941
618
1930
618
618
1941
1941
618
618
1930
618
1930
618
1940
618
618
1940
618
1930
1930
617
616
1930
618
1940
1930
779
618
618
1930
1940
616
755
618
618
618
618
1930
1531
1538
1940
1941
778
618
618
618
1940
618
617
618
1930
1930
1930
1930
1930
618
616
616
1941
1930
618
618
1930
619
1941
76
618
618
616
618
618
1940
618
1930
1930
1930
181
1941
1930
1941
1930
1930
1959
616
1930
618
618
1940
1930
618
618
1930
1941
618
618
618
1940
616
619
619
1930
1941
618
618
1930
1930
618
1940
1941
1930
1930
775
618
1941
1941
1940
1930
1930
1930
1941
1930
1940
618
1940
775
76
1930
1940
616
618
1959
1930
618
1930
1930
1930
1930
1930
1930
1940
1930
1930
1930
1930
1930
1930
1930
1930
1930
1930
618
1941
765
1930
1930
619
618
1930
618
1930
1930
1930
1930
1930
1930
618
619
1930
1269
618
1930
619
1930
1930
618
1941
1269
618
1930
618
1930
1940
618
76
618
1941
618
1930
1930
618
618
448
618
1930
1930
1930
1930
1930
618
1930
619
1930
1940
775
1930
1930
1941
1930
618
619
1930
1930
1930
1941
762
1940
1930
1930
1940
618
1940
775
1930
1436
1940
618
619
1930
1930
618
618
1436
1930
618
1940
618
618
618
618
618
618
618
619
1940
618
618
775
618
617
618
775
618
1930
618
618
1930
1940
618
618
618
618
618
1531
1538
618
1940
1941
1930
1930
618
618
1940
618
618
1930
1930
1440
618
1930
619
618
618
1930
616
1930
1940
1930
618
1941
618
619
619
1940
1940
1940
618
1940
616
618
1940
1930
618
618
1930
618
1941
1930
1930
181
1930
1930
1930
68
1930
1930
618
618
618
1930
616
618
1940
1930
1930
1930
1941
1930
618
1941
618
1930
1940
618
618
616
618
618
618
618
618
618
618
1940
1942
618
618
618
618
618
618
618
618
618
618
618
618
618
618
618
618
618
618
618
618
618
618
618
618
618
618
618
618
618
618
618
618
618
618
618
618
618
618
618
618
618
618
618
618
618
618
618
618
618
618
619
618
618
618
618
618
618
618
618
618
618
618
618
618
618
1940
618
618
1930
618
618
618
618
618
618
618
618
618
618
618
618
618
618
618
618
618
618
618
618
618
618
618
618
618
618
618
618
618
618
618
618
618
618
618
618
618
618
618
618
618
618
618
618
618
618
618
618
618
618
618
618
618
618
618
618
618
618
618
618
618
618
618
618
618
618
1940
618
618
618
618
618
618
618
618
618
618
618
618
618
618
618
618
618
618
618
618
618
618
618
618
618
618
618
618
618
618
618
618
618
618
618
618
618
618
618
618
618
618
618
618
618
618
618
618
618
618
618
618
618
618
618
618
618
618
618
618
618
618
618
618
618
618
618
618
618
618
618
618
618
618
618
618
618
618
618
618
618
618
618
618
618
618
618
618
618
618
618
618
618
618
618
618
618
618
618
618
618
618
618
618
618
618
618
618
618
618
618
618
618
618
618
618
618
618
618
618
618
618
618
618
618
618
618
618
618
618
618
618
618
618
618
618
618
618
618
618
618
618
618
618
618
618
618
618
618
619
618
618
618
618
618
618
618
618
618
618
618
618
618
618
618
618
618
618
618
618
618
618
618
1940
618
618
618
618
618
618
618
618
618
618
618
618
618
618
618
618
618
618
618
618
618
618
618
618
618
618
618
618
618
618
618
618
618
618
618
618
618
618
618
618
618
618
618
618
618
618
618
618
618
618
618
618
1940
618
618
618
618
618
618
618
618
618
618
618
618
618
618
618
618
1940
618
618
618
618
618
1940
618
618
618
618
618
618
618
618
618
618
618
618
618
618
618
618
618
618
618
618
618
618
618
618
618
618
618
618
618
618
618
618
618
618
618
618
618
618
618
618
618
618
618
618
618
618
618
619
618
618
618
618
618
618
618
618
618
618
618
618
618
618
618
618
618
618
618
618
618
618
618
618
618
618
618
618
1843
618
618
618
618
618
618
618
618
618
618
618
618
618
618
618
618
618
618
618
618
618
618
618
618
618
618
618
618
62
618
618
618
618
618
618
618
757
618
618
618
618
1941
618
618
618
619
618
618
618
618
618
618
618
618
618
618
619
618
618
618
618
618
618
618
618
618
618
618
1930
618
618
618
136
618
618
618
618
1930
618
618
618
618
1940
618
618
618
618
1940
618
1521
1853
618
618
618
619
618
618
618
618
618
618
618
618
618
618
618
618
618
618
618
618
618
618
618
618
618
618
618
618
618
618
618
618
618
618
618
618
1930
618
618
618
1930
618
618
618
618
618
785
774
1843
618
618
618
618
618
618
618
618
618
618
618
618
618
618
618
1940
618
618
618
618
618
618
618
618
618
618
618
618
618
618
618
618
1940
618
618
618
618
618
1940
618
618
1940
618
1937
618
618
618
618
618
618
618
618
618
618
788
618
1940
618
618
618
618
618
618
618
618
618
618
618
1940
618
756
618
618
618
618
619
1930
1930
618
616
618
618
1940
618
618
618
618
618
618
618
618
618
618
618
618
1930
1555
619
1843
618
618
618
618
1930
1940
618
616
616
618
1940
1443
618
618
775
1940
618
1941
619
618
1930
778
1930
618
1940
1940
1941
62
757
193
193
193
1959
618
1940
1930
1930
618
618
618
1438
1930
618
1930
618
618
618
618
618
619
618
1826
618
1930
618
618
618
1940
618
1871
618
618
618
618
775
1940
1940
1435
1940
1930
1040
1930
1930
1930
1930
1930
1940
1950
1930
1940
1521
1853
618
618
618
423
618
619
1940
1940
618
618
618
618
1853
618
618
618
618
618
1930
618
1436
1435
1622
618
1940
618
1930
618
618
1930
1930
1930
1940
618
1246
1941
618
618
618
618
618
1940
1940
1930
785
618
1930
774
1843
1930
618
760
1930
1930
618
1930
1930
618
1930
618
1930
1940
1940
1930
1930
618
618
618
1940
618
618
618
618
1930
755
618
1940
618
1930
618
616
1930
1930
1930
1940
1930
618
1930
1940
1940
1937
618
618
618
1930
1930
618
1008
757
54
54
619
1941
1940
755
618
618
620
620
1930
1448
1930
756
1011
1930
1940
1941
1930
619
616
618
618
198
618
415
1930
1940
618
1941
1930
790
618
630
618
618
616
618
1555
618
1853
1930
618
616
1930
1930
1526
1941
1941
1930
1930
1941
1940
1941
1930
618
618
1051
1959
618
1941
616
618
966
630
1940
1448
946
618
618
618
1941
1930
616
618
618
76
1930
1930
198
76
1941
1930
1941
1930
620
1940
618
618
1940
618
1826
618
1940
1941
618
1940
1871
76
618
1942
1940
237
1940
1930
1930
618
1930
1620
756
1040
618
618
1930
1941
1930
1930
1930
1940
1959
1956
618
618
618
181
207
618
1930
1941
1535
618
618
1940
1942
1940
1853
1941
618
618
1930
1930
1940
80
1622
1449
618
619
618
1930
76
217
406
1930
1930
415
415
415
415
415
618
415
1930
415
415
1953
1953
1953
1953
415
1953
415
1930
1940
1930
415
415
1940
618
1930
618
415
799
415
415
1941
1930
415
1930
1930
1930
618
618
1930
1843
1953
1930
1940
1941
1941
755
1940
619
620
426
618
618
1941
618
1940
1941
618
1930
770
1930
1940
459
1940
618
1941
1930
1930
1930
42
618
1930
760
1930
618
1941
1930
415
1435
618
1813
618
1940
1436
618
599
76
1940
1930
618
1940
1930
618
1930
1941
1930
1930
618
618
618
616
790
66
181
1448
1930
1940
1930
616
1930
1621
1940
618
1930
1959
787
1526
618
1930
1930
616
616
756
1447
1930
1930
231
1051
1930
1930
1940
1930
1930
194
1941
1930
1930
415
618
1930
194
1436
1941
1930
1930
1940
1436
76
759
1814
76
1941
618
1930
618
1622
1930
1930
775
618
438
1930
181
76
619
618
1942
1930
415
1942
1950
415
1285
620
1930
620
1930
1620
1940
1940
62
1448
618
1959
1940
1956
775
1930
1535
1940
459
415
616
1942
76
1930
618
618
618
76
1930
80
618
1950
618
779
76
1436
1930
1031
1436
1941
415
1629
1930
755
1929
1930
616
775
1940
1940
1940
618
972
1930
618
618
1930
618
68
618
775
618
799
76
1940
1930
1959
619
618
1940
618
1436
618
1843
1953
76
1940
1940
618
1930
258
618
415
618
618
618
618
1435
778
618
619
1940
770
1930
758
618
618
618
618
618
618
618
1942
1031
618
618
618
1449
1941
618
755
618
616
1813
796
406
76
1069
443
181
630
618
1941
1940
1930
1950
618
618
1930
1930
618
1950
756
1930
618
66
616
775
1941
619
618
428
618
618
415
1435
1941
618
787
1940
1530
1940
616
1436
756
1941
1930
618
1930
1930
618
618
618
758
618
1436
1853
1631
775
618
1436
620
1930
618
759
618
1814
618
618
1930
1930
1011
1622
1659
618
1940
459
618
1940
778
1930
1930
1930
1930
619
1930
1930
1930
1930
1930
1930
1930
1930
1930
1930
1930
1930
1930
1930
1930
1930
1930
1930
1930
1930
1930
1930
1930
1930
1930
1930
1930
1930
1930
1930
76
619
1930
1930
619
1930
1436
618
1930
1930
1930
1930
1930
1629
1930
1941
181
1930
618
1930
1930
1941
1930
1930
775
1940
790
616
619
616
1930
1941
1930
1930
1930
1959
1959
1930
618
1930
618
1440
618
1930
1930
1930
618
1940
443
618
618
1930
952
1940
1950
437
1271
1930
758
450
1940
758
1930
1942
1942
1448
618
1031
1940
1272
181
1930
755
1930
1930
616
1930
1069
1449
1941
181
62
1930
966
1930
1853
1930
620
618
618
756
775
1930
1853
1940
1299
1299
1930
618
446
617
1940
1435
1436
1930
76
1530
1930
1930
1930
1930
1930
1930
618
1930
1944
618
1853
76
1631
618
1940
1930
442
1930
1930
618
1448
618
619
1930
619
1940
1940
1940
181
1940
1930
618
778
618
1448
618
1940
76
181
1443
1443
1950
1441
1444
1444
1444
1438
1444
1444
1440
1441
1444
1444
1444
1444
1950
1438
1950
1446
1438
1444
1438
1444
1438
1444
1440
1446
1451
1443
1438
1443
1444
1444
1441
1438
1444
1444
1950
1438
1444
1438
1443
1444
1441
1444
1444
1444
1443
1443
1444
1444
1950
1444
1444
1444
1444
1444
1443
1444
1444
1950
1444
1443
1444
1444
1438
1450
1443
1444
1444
1443
1438
1444
1451
1444
1444
1444
1950
1443
1444
1444
1444
1438
1950
1444
1444
1443
1450
1443
1444
1443
1443
1444
1950
1443
1016
1450
1450
1444
1443
1443
1950
1950
1441
1443
1443
1444
1444
1438
1450
1444
1450
1441
1444
1444
1950
1444
1438
1444
1444
1950
1444
1450
1441
1444
1444
1450
1444
1444
1444
1450
1450
1444
1451
1438
1438
1444
1950
1451
784
1850
1438
1443
1444
1444
1444
1447
1443
1440
1444
1444
1444
1950
1444
1450
1441
1450
1449
1440
1444
1443
1438
1438
1438
1444
1438
1441
618
1441
1444
1443
1444
1443
1444
1444
1438
1444
1443
1444
1450
1441
1444
1438
1444
1444
1444
1444
1444
1450
1444
1444
1444
1950
1438
1444
1444
1444
1443
1444
1444
1444
1450
1438
1950
1950
1438
1444
1440
1441
1451
1450
1451
1443
1450
1441
1443
1444
1444
1444
1444
1450
1444
1443
1451
1443
1444
1451
1950
1444
1444
1444
1444
1444
1443
1438
1441
1444
1444
1438
1444
1444
1444
1444
1444
1438
1450
1438
1438
1444
1443
1441
1444
1438
1450
1438
1444
1451
1444
1443
1444
1444
1444
1444
1444
1438
1857
1444
1444
1444
1441
1441
1441
1444
1444
1444
1444
1444
1443
1443
1444
1950
1443
1444
1450
1444
1444
1443
1443
1438
1441
1438
1450
1443
1444
1444
1441
1444
1438
1443
784
1941
1444
1450
1850
1443
1450
1443
1444
1443
1950
1443
1444
1444
1441
1444
1438
1444
1441
618
1450
1444
1444
1444
1438
1444
1441
1450
1450
1443
1450
1438
1443
1438
1443
1444
1444
1450
1438
1450
1444
1444
1449
1450
1451
1950
1450
1950
1444
798
618
1444
1930
1438
1941
1441
1450
1450
1950
415
1438
1443
1930
1450
1444
1444
1443
1950
1438
1443
1941
1950
1444
1438
1444
1450
1438
1447
1451
1450
1940
1450
1438
1443
1444
1444
1438
1950
1438
1438
1441
1443
1018
1443
1443
1444
1438
1438
1444
1451
1444
1447
1950
1440
1444
1444
1444
1878
788
1444
433
1443
1444
1447
1444
1444
1444
1444
1444
1438
1054
1950
1438
1438
1450
1438
1450
1443
1857
1441
1444
618
1438
1444
193
1444
1950
1443
1444
1444
1950
1443
1444
1444
1443
1443
1438
1438
1443
1443
1449
1441
1444
1940
1450
1444
619
1441
1941
1443
1444
1450
1443
68
1950
1438
1444
620
1450
1444
1444
778
1950
1443
1444
1450
1444
1438
1444
1444
1831
1950
1450
1940
618
1950
1444
1950
1450
1450
1450
1450
1450
1450
1450
1444
1444
1444
1444
790
1438
1438
1444
1444
1444
1450
1450
1450
1447
1444
1450
1959
620
1444
1438
1444
1443
756
795
1444
1940
1444
775
1040
798
1443
181
83
1444
1444
1450
1441
1930
1447
1950
1450
1950
1450
1691
1438
1450
1950
1950
1450
1450
1450
1950
83
1441
1444
1444
1950
1950
1444
1442
1271
1298
1298
619
775
1441
1444
1950
1444
181
1438
1438
1535
1940
1441
1438
1450
1444
1444
1443
1438
1450
1443
1441
1444
1450
1444
1878
1441
788
765
1444
1450
1444
1444
1444
1444
1444
1444
1443
1942
755
406
1054
1942
1942
406
1016
1930
1436
618
1436
1953
1444
1444
616
1950
1443
1443
1940
1438
1443
1444
1867
1930
1930
1444
1444
1444
1444
1435
789
1443
618
1447
1942
1580
1443
1444
406
1950
1444
1444
1436
1441
1443
1444
1450
1443
620
1444
1441
1941
1950
1930
1444
778
1929
620
618
618
620
620
1831
1878
957
618
1438
1940
1444
1444
1444
616
1930
1444
1436
1443
1444
1004
1930
1444
790
1940
1443
1436
1244
1444
1450
1444
971
1444
415
1438
1940
1871
1450
756
1930
1040
1930
1930
755
83
1450
1450
1950
620
1450
1448
438
1959
1691
1443
437
1448
1443
1441
1444
1443
1443
83
775
1438
647
762
1444
1444
625
1444
1930
616
616
393
76
620
1950
1535
618
618
406
618
1436
1942
1271
618
1448
1950
1940
1946
1444
1444
83
83
1950
618
1444
1299
765
1051
1940
1446
1950
1444
618
1443
1449
1441
1930
1546
1449
1634
76
76
1441
1930
181
619
618
1930
1062
1444
1444
415
212
1940
966
1941
68
1864
1941
1444
1950
68
1435
617
1867
1436
1529
1444
1559
1444
1443
789
786
618
618
1580
1853
1930
1451
765
60
1443
795
217
68
1436
1444
1940
433
181
1450
1444
1444
1448
1448
181
1443
1436
1443
1444
1444
1944
1444
1878
1940
618
1438
68
1443
1940
1867
1443
1940
618
1450
1444
1600
1618
767
1941
1031
1944
1031
1942
1436
1930
618
1940
1930
1031
194
1443
618
1940
68
1953
433
618
1441
1950
790
1449
1959
1942
1930
1436
1443
1601
1027
1950
1930
83
1930
1853
1950
1450
1271
1444
1051
76
76
69
1438
630
616
1850
1298
1444
1438
605
1853
1953
83
618
68
1941
1930
1443
1438
1950
1443
1849
1546
1438
1062
1850
760
68
1271
1959
459
459
1850
68
68
1529
1529
76
618
1916
1715
765
181
618
1438
790
1888
1631
618
618
618
602
83
1930
787
1436
1940
778
181
618
69
1438
1250
1438
605
188
1930
1631
1930
618
1950
69
1449
1953
618
618
1075
1077
1244
765
618
10
406
1546
618
1853
758
1868
613
618
618
1615
618
618
618
790
618
1441
618
1521
618
1940
1436
756
780
972
63
618
618
1950
618
618
1939
1438
620
1597
765
767
598
7
1853
69
995
966
531
1271
618
618
1450
780
618
770
613
580
66
547
601
613
1941
752
616
755
599
957
1930
765
618
618
618
1574
770
618
1948
1655
1950
1564
1269
777
1090
605
1948
1942
618
774
618
1624
618
1850
548
618
618
1521
618
602
1853
1930
266
1443
418
1941
774
1930
1436
1436
618
618
68
1539
1930
62
1867
613
601
618
619
618
1078
1254
778
617
618
76
618
1959
616
288
1040
1290
1691
782
790
618
1544
618
594
181
1652
761
1557
618
1939
1867
613
1853
457
84
1946
618
1680
1069
406
780
1941
1290
1539
181
618
1853
618
618
663
946
618
1930
618
1850
1269
618
618
663
1853
946
618
752
1930
1953
618
1269
1843
618
758
758
618
618
1948
795
47
1695
618
759
618
663
1941
473
1850
66
710
755
618
1531
613
619
1959
1930
1069
1940
618
1580
68
1867
1940
799
619
1930
1272
755
83
1930
618
618
618
765
1856
1269
1953
181
43
1002
1062
605
618
1941
618
618
618
548
556
1485
790
1930
1271
1930
1850
1893
778
1942
1436
10
1871
618
598
66
1930
779
1232
83
788
618
1942
762
605
10
1077
1953
1051
760
618
1059
618
589
1062
1067
619
766
778
618
1620
1941
1807
618
613
768
327
1271
618
1930
1953
1662
1959
1437
233
585
1271
1054
1059
757
981
972
1930
618
1924
630
618
618
618
618
618
618
181
463
774
1543
618
618
618
613
618
618
50
1930
598
618
1930
608
547
618
647
618
618
618
1946
1953
1273
578
607
1622
1245
618
1950
1908
609
589
613
568
618
618
950
972
972
981
618
620
756
618
548
760
618
618
1436
755
1946
1908
981
618
618
578
607
181
618
194
1662
1941
618
1271
929
1531
618
618
1436
618
618
1443
618
618
618
756
1948
1950
618
598
613
1009
1561
618
1007
966
1929
646
618
547
613
1654
1535
1930
1521
1940
547
618
1059
425
618
618
1136
618
618
1526
886
1930
1502
359
1272
1436
1930
974
618
618
134
1930
1930
1941
1930
1930
1930
1930
1930
104
1677
1807
1930
595
618
1953
1930
1941
1534
755
981
1940
618
1930
1930
1930
1930
1271
1271
799
181
415
1930
1820
1271
1436
1436
1930
50
977
1584
1436
1930
607
1436
1442
1051
1051
618
1948
423
966
574
620
620
1948
1666
68
618
767
1930
1930
618
618
1059
393
1930
620
618
1436
618
1953
598
1947
1436
1436
169
618
1436
1260
1291
618
1078
1016
618
618
1940
7
647
606
1440
504
1580
1438
618
618
1871
1271
1930
327
620
1930
647
1274
1930
618
1491
621
618
595
618
1435
579
25
618
1526
618
1930
33
1867
1271
1271
1436
1005
1929
923
1930
618
618
618
1941
618
309
1436
6
212
618
618
618
618
618
1950
618
774
1940
1853
1940
1940
618
618
618
1535
618
1244
68
1843
1853
601
618
618
647
263
1271
618
1953
1239
754
618
1244
760
579
966
181
1436
437
647
601
538
1953
1436
1602
1930
1940
212
1930
579
972
972
1953
1555
1940
1940
533
1011
1298
618
966
966
966
1633
618
618
981
1940
1853
1953
1269
986
993
968
618
179
618
966
618
1941
1940
618
1531
775
755
1244
1823
548
1930
223
1436
1946
1436
1950
618
531
607
1436
1436
618
1435
1435
1435
757
618
1002
1930
2
1950
1436
1944
1436
618
1007
630
1940
605
618
518
1930
68
68
966
1436
618
1950
1436
1864
774
1864
1940
1294
1940
1252
1940
618
513
749
555
68
1275
618
1436
1948
1930
1930
1930
1930
1940
1244
1930
1930
618
181
181
988
1930
1924
1272
1924
1930
1275
1930
607
578
618
1436
1953
795
618
1545
618
946
775
595
29
647
92
985
618
618
1436
598
1871
1940
1934
263
618
1436
1649
1002
1577
618
1436
618
1940
618
618
981
618
1930
618
1940
618
618
618
618
1436
1443
133
591
1950
1953
618
618
406
374
618
1940
1812
618
618
618
213
1588
217
647
1436
1930
598
618
618
618
618
647
618
1436
547
618
1853
1647
618
1853
257
618
895
1436
616
1436
1630
1940
1950
1930
547
618
618
1853
487
579
1930
1271
618
1940
1436
1011
778
1269
618
1930
1924
1579
425
1820
618
1298
580
1937
1263
618
616
1436
618
678
687
1436
1071
1009
618
1491
647
298
598
54
685
1436
636
647
1864
618
548
598
1953
1953
1953
1953
1924
1274
755
1953
1868
1274
1007
1929
618
181
1947
84
775
1948
1610
618
1062
1777
587
1867
55
1419
1062
1597
1477
1243
1436
1539
1864
1026
578
618
680
374
1269
1850
579
531
672
618
1015
618
1940
1930
548
1054
181
1575
1953
1937
1059
1271
1812
618
618
1853
1054
1436
619
1436
1558
1647
618
1930
1437
618
1843
1436
1257
1953
616
1930
618
618
574
574
1380
618
618
618
1274
1813
1062
618
446
618
1929
1929
618
1059
1868
1269
1940
618
618
531
647
618
618
1254
436
618
618
1436
547
618
618
181
1950
368
1079
618
1436
181
1930
181
1934
966
986
1930
1448
618
618
618
618
618
1930
1559
618
531
618
618
1436
1880
50
1443
1275
1558
1436
965
1948
628
1864
1930
1597
647
1059
1930
63
1299
437
327
327
618
877
1062
1436
1436
908
1948
1535
1559
1948
605
670
547
547
618
795
1540
66
1820
574
1871
784
1813
1588
1269
1436
1436
1871
1436
785
618
1436
1018
579
1290
749
1582
426
1814
223
618
1929
1438
1814
618
1535
1567
618
389
1930
618
1941
618
1535
1695
1526
618
1940
618
962
618
758
1868
1436
618
547
1953
1814
618
1826
1436
1930
50
50
1537
50
50
50
1260
37
1054
1441
1868
1537
720
1436
1526
618
1853
1227
1588
1853
181
1069
1867
1695
1953
1544
1275
1941
84
1436
1740
1588
1535
163
628
6
1436
1959
6
1302
1629
1271
1953
1948
1959
163
1654
1243
1274
1954
1850
1853
1062
1843
1816
599
769
531
531
517
1812
618
757
647
1558
1559
1436
1568
1814
1953
1269
762
1812
57
264
1843
1271
209
981
1271
1941
1715
574
1271
62
1274
1030
479
1274
684
1530
1594
1588
1543
1590
1597
580
1531
1864
1600
1271
580
1588
10
1559
426
1953
1813
7
1575
1594
547
1018
1002
1002
1002
1002
1002
50
1005
1002
1523
1009
1009
1558
1531
1691
1601
431
7
428
1868
1594
1601
1930
1271
406
1931
1867
420
1814
1654
1296
1814
1299
66
1002
1539
1559
6
82
54
1948
50
1002
760
1009
1009
1002
621
1009
1582
1009
1953
1813
1009
1535
1600
1807
36
1864
1814
1002
966
1002
1271
1588
1575
821
16
1530
1638
281
1953
1535
1529
574
1531
1011
1946
1946
1011
418
1589
756
1436
1814
36
972
547
1853
1278
1008
434
1813
1946
63
952
1075
1436
1946
1601
742
1946
733
1808
1075
1850
1582
25
1271
1544
1009
991
1272
1959
106
1271
1243
1594
1271
1868
1582
1552
598
758
1525
948
1820
1559
981
769
1812
1017
1868
463
1294
25
1843
1853
1525
774
1953
1002
40
1274
1244
1008
1054
1244
1526
1436
1543
758
1864
1559
1814
1853
1654
1953
1837
50
1537
1244
1871
1953
1948
1850
1655
1580
1531
1853
1059
50
1438
1436
1544
65
1588
786
914
1449
1864
760
1810
1575
1868
766
1946
429
1115
758
758
1608
453
966
221
1045
1539
1523
1535
1864
1864
1942
1853
1655
1557
758
1942
760
1867
1539
1864
758
406
618
618
1868
547
1635
1940
1940
1298
1850
1940
618
383
1864
1814
1526
1597
1843
1436
618
1443
1864
1036
1007
758
790
1864
1941
1654
1588
1936
1867
1853
1436
1759
1095
1853
1436
1535
1618
513
1807
1436
1930
618
1816
1544
1275
618
1650
1558
1543
1940
758
1959
1567
1559
1600
1930
393
1953
181
1953
204
207
204
204
221
204
221
204
226
204
221
207
1953
221
1953
1942
1953
221
193
1942
193
226
190
1953
229
230
185
193
1953
190
204
190
200
204
204
204
1953
204
221
199
221
193
193
193
193
190
190
204
1953
1559
226
205
1953
204
1953
193
207
1068
221
193
221
207
1953
1436
204
193
193
193
1535
193
229
190
190
1027
221
66
193
1842
1567
1820
1941
193
207
1953
193
193
229
185
193
193
229
1953
193
185
1546
221
204
208
193
229
598
204
190
190
193
1942
1942
1942
193
204
193
204
193
1953
204
193
1942
193
193
193
1942
193
193
1942
204
193
204
1942
1953
204
207
221
1942
1942
204
1942
1942
204
204
204
1942
221
193
193
204
193
1953
221
1953
1942
204
221
204
221
1953
1942
193
185
204
193
207
204
1942
1942
207
193
193
1942
1953
204
229
221
1271
1521
1868
1299
1953
204
1942
207
1953
1868
204
229
1953
1526
1577
221
207
1953
406
1939
190
1271
204
1538
193
193
204
214
193
1940
193
204
1953
205
204
1622
406
1252
1290
1557
1942
1826
1436
205
1438
1940
185
1541
204
1530
1271
248
899
1436
1290
1953
647
618
1941
1436
1278
207
1436
1059
193
423
193
1079
932
1044
193
1436
487
1436
1559
1600
1544
1059
1436
1948
435
435
1867
1867
221
1561
1558
1272
774
34
547
1078
1867
1867
1269
625
618
1298
1436
1436
1436
1436
647
1521
1588
774
34
547
1078
1867
1867
1269
625
618
1298
1436
1436
1436
1436
647
1521
1588
618
574
1436
1819
1511
775
406
1814
1436
1937
1269
1596
